5.0E-4 0.1782
5.0E-4 0.195
0.001 0.1782
0.001 0.1866
0.001 0.195
0.0015000000000000002 0.1783
0.0015000000000000002 0.1867
0.0015000000000000002 0.1951
0.002 0.1783
0.002 0.1867
0.002 0.1951
0.0025 0.1783
0.0025 0.1867
0.0025 0.1951
0.0030000000000000005 0.1783
0.0030000000000000005 0.1825
0.0030000000000000005 0.1909
0.0030000000000000005 0.1951
0.0030000000000000005 0.1993
0.0035000000000000005 0.1783
0.0035000000000000005 0.1825
0.0035000000000000005 0.1867
0.0035000000000000005 0.1909
0.0035000000000000005 0.1951
0.0035000000000000005 0.1994
0.004 0.1784
0.004 0.179
0.004 0.1826
0.004 0.1868
0.004 0.1874
0.004 0.191
0.004 0.1952
0.004 0.1957
0.004 0.1994
0.0045000000000000005 0.1784
0.0045000000000000005 0.179
0.0045000000000000005 0.1826
0.0045000000000000005 0.1868
0.0045000000000000005 0.1874
0.0045000000000000005 0.191
0.0045000000000000005 0.1952
0.0045000000000000005 0.1957
0.0045000000000000005 0.196
0.0045000000000000005 0.1994
0.005 0.1784
0.005 0.179
0.005 0.1826
0.005 0.1868
0.005 0.1874
0.005 0.191
0.005 0.1952
0.005 0.1958
0.0055000000000000005 0.1784
0.0055000000000000005 0.1793
0.0055000000000000005 0.1826
0.0055000000000000005 0.1834
0.0055000000000000005 0.1868
0.0055000000000000005 0.1875
0.0055000000000000005 0.1877
0.0055000000000000005 0.191
0.0055000000000000005 0.1918
0.0055000000000000005 0.1952
0.0055000000000000005 0.1958
0.0055000000000000005 0.1994
0.006000000000000001 0.1784
0.006000000000000001 0.1791
0.006000000000000001 0.1793
0.006000000000000001 0.1834
0.006000000000000001 0.1868
0.006000000000000001 0.1875
0.006000000000000001 0.1918
0.006000000000000001 0.1953
0.006000000000000001 0.1959
0.006000000000000001 0.1994
0.006500000000000001 0.1753
0.006500000000000001 0.1785
0.006500000000000001 0.1827
0.006500000000000001 0.1834
0.006500000000000001 0.1837
0.006500000000000001 0.1869
0.006500000000000001 0.1918
0.006500000000000001 0.1921
0.006500000000000001 0.196
0.006500000000000001 0.1964
0.006500000000000001 0.1995
0.007000000000000001 0.1751
0.007000000000000001 0.1785
0.007000000000000001 0.1793
0.007000000000000001 0.1827
0.007000000000000001 0.1835
0.007000000000000001 0.1837
0.007000000000000001 0.1869
0.007000000000000001 0.1877
0.007000000000000001 0.1911
0.007000000000000001 0.1919
0.007000000000000001 0.1921
0.007000000000000001 0.1953
0.007000000000000001 0.1961
0.007000000000000001 0.1995
0.0075 0.1751
0.0075 0.1785
0.0075 0.1794
0.0075 0.1827
0.0075 0.1835
0.0075 0.1869
0.0075 0.1877
0.0075 0.1911
0.0075 0.1919
0.0075 0.1953
0.0075 0.1961
0.0075 0.1995
0.008 0.1752
0.008 0.1785
0.008 0.1794
0.008 0.1827
0.008 0.1869
0.008 0.1878
0.008 0.1911
0.008 0.1953
0.008 0.1962
0.008 0.1995
0.0085 0.1753
0.0085 0.1757
0.0085 0.1786
0.0085 0.1794
0.0085 0.1827
0.0085 0.1837
0.0085 0.187
0.0085 0.1879
0.0085 0.1911
0.0085 0.1921
0.0085 0.1963
0.0085 0.1996
0.009000000000000001 0.1754
0.009000000000000001 0.1786
0.009000000000000001 0.1796
0.009000000000000001 0.1828
0.009000000000000001 0.1838
0.009000000000000001 0.1841
0.009000000000000001 0.187
0.009000000000000001 0.188
0.009000000000000001 0.1912
0.009000000000000001 0.1922
0.009000000000000001 0.1925
0.009000000000000001 0.1954
0.009000000000000001 0.1964
0.009000000000000001 0.1996
0.009500000000000001 0.1754
0.009500000000000001 0.1786
0.009500000000000001 0.1796
0.009500000000000001 0.18
0.009500000000000001 0.1828
0.009500000000000001 0.1838
0.009500000000000001 0.187
0.009500000000000001 0.188
0.009500000000000001 0.1884
0.009500000000000001 0.1912
0.009500000000000001 0.1922
0.009500000000000001 0.1954
0.009500000000000001 0.1964
0.009500000000000001 0.1996
0.01 0.1755
0.01 0.1786
0.01 0.1797
0.01 0.1828
0.01 0.1839
0.01 0.187
0.01 0.1881
0.01 0.1912
0.01 0.1923
0.01 0.1954
0.01 0.1965
0.01 0.1996
0.0105 0.1756
0.0105 0.1786
0.0105 0.1798
0.0105 0.1828
0.0105 0.184
0.0105 0.187
0.0105 0.1882
0.0105 0.1912
0.0105 0.1924
0.0105 0.1955
0.0105 0.1966
0.0105 0.1996
0.011000000000000001 0.1757
0.011000000000000001 0.1787
0.011000000000000001 0.1798
0.011000000000000001 0.1829
0.011000000000000001 0.1841
0.011000000000000001 0.1871
0.011000000000000001 0.1882
0.011000000000000001 0.1913
0.011000000000000001 0.1925
0.011000000000000001 0.1955
0.011000000000000001 0.1966
0.011000000000000001 0.1997
0.011500000000000002 0.1757
0.011500000000000002 0.1787
0.011500000000000002 0.1799
0.011500000000000002 0.1829
0.011500000000000002 0.1841
0.011500000000000002 0.1871
0.011500000000000002 0.1883
0.011500000000000002 0.1913
0.011500000000000002 0.1925
0.011500000000000002 0.1955
0.011500000000000002 0.1967
0.011500000000000002 0.1997
0.012000000000000002 0.1758
0.012000000000000002 0.1787
0.012000000000000002 0.18
0.012000000000000002 0.1829
0.012000000000000002 0.1842
0.012000000000000002 0.1871
0.012000000000000002 0.1884
0.012000000000000002 0.1913
0.012000000000000002 0.1926
0.012000000000000002 0.1955
0.012000000000000002 0.1968
0.012000000000000002 0.1997
0.0125 0.1759
0.0125 0.1787
0.0125 0.18
0.0125 0.1829
0.0125 0.1843
0.0125 0.1871
0.0125 0.1884
0.0125 0.1913
0.0125 0.1927
0.0125 0.1955
0.0125 0.1969
0.0125 0.1997
0.013000000000000001 0.176
0.013000000000000001 0.1787
0.013000000000000001 0.1801
0.013000000000000001 0.1829
0.013000000000000001 0.1844
0.013000000000000001 0.1871
0.013000000000000001 0.1885
0.013000000000000001 0.1913
0.013000000000000001 0.1928
0.013000000000000001 0.1956
0.013000000000000001 0.1969
0.013000000000000001 0.1997
0.013500000000000002 0.176
0.013500000000000002 0.1788
0.013500000000000002 0.1802
0.013500000000000002 0.183
0.013500000000000002 0.1844
0.013500000000000002 0.1872
0.013500000000000002 0.1886
0.013500000000000002 0.1914
0.013500000000000002 0.1928
0.013500000000000002 0.1956
0.013500000000000002 0.197
0.013500000000000002 0.1998
0.014000000000000002 0.1761
0.014000000000000002 0.1788
0.014000000000000002 0.1803
0.014000000000000002 0.183
0.014000000000000002 0.1845
0.014000000000000002 0.1872
0.014000000000000002 0.1887
0.014000000000000002 0.1914
0.014000000000000002 0.1929
0.014000000000000002 0.1956
0.014000000000000002 0.1971
0.014000000000000002 0.1998
0.014500000000000002 0.1762
0.014500000000000002 0.1788
0.014500000000000002 0.1803
0.014500000000000002 0.183
0.014500000000000002 0.1846
0.014500000000000002 0.1872
0.014500000000000002 0.1887
0.014500000000000002 0.1914
0.014500000000000002 0.193
0.014500000000000002 0.1956
0.014500000000000002 0.1971
0.014500000000000002 0.1998
0.015 0.1762
0.015 0.1788
0.015 0.1804
0.015 0.183
0.015 0.1846
0.015 0.1872
0.015 0.1888
0.015 0.1914
0.015 0.193
0.015 0.1956
0.015 0.1972
0.015 0.1998
0.0155 0.1763
0.0155 0.1789
0.0155 0.1805
0.0155 0.1831
0.0155 0.1847
0.0155 0.1873
0.0155 0.1889
0.0155 0.1915
0.0155 0.1931
0.0155 0.1957
0.0155 0.1973
0.0155 0.1999
0.016 0.1764
0.016 0.1789
0.016 0.1806
0.016 0.1831
0.016 0.1848
0.016 0.1873
0.016 0.189
0.016 0.1915
0.016 0.1932
0.016 0.1957
0.016 0.1974
0.016 0.1999
0.0165 0.1765
0.0165 0.1789
0.0165 0.1806
0.0165 0.1831
0.0165 0.1849
0.0165 0.1873
0.0165 0.189
0.0165 0.1915
0.0165 0.1933
0.0165 0.1957
0.0165 0.1974
0.0165 0.1999
0.017 0.1765
0.017 0.1789
0.017 0.1807
0.017 0.1831
0.017 0.1849
0.017 0.1873
0.017 0.1891
0.017 0.1915
0.017 0.1933
0.017 0.1957
0.017 0.1975
0.017 0.1999
0.0175 0.1766
0.0175 0.1789
0.0175 0.1808
0.0175 0.1831
0.0175 0.185
0.0175 0.1873
0.0175 0.1892
0.0175 0.1915
0.0175 0.1934
0.0175 0.1958
0.0175 0.1976
0.0175 0.1999
0.018000000000000002 0.1767
0.018000000000000002 0.179
0.018000000000000002 0.1808
0.018000000000000002 0.1832
0.018000000000000002 0.1851
0.018000000000000002 0.1874
0.018000000000000002 0.1892
0.018000000000000002 0.1916
0.018000000000000002 0.1935
0.018000000000000002 0.1958
0.018000000000000002 0.1976
0.018500000000000003 0.1768
0.018500000000000003 0.179
0.018500000000000003 0.1809
0.018500000000000003 0.1832
0.018500000000000003 0.1852
0.018500000000000003 0.1874
0.018500000000000003 0.1893
0.018500000000000003 0.1916
0.018500000000000003 0.1936
0.018500000000000003 0.1958
0.018500000000000003 0.1977
0.019000000000000003 0.1769
0.019000000000000003 0.179
0.019000000000000003 0.181
0.019000000000000003 0.1832
0.019000000000000003 0.1852
0.019000000000000003 0.1874
0.019000000000000003 0.1894
0.019000000000000003 0.1916
0.019000000000000003 0.1936
0.019000000000000003 0.1958
0.019000000000000003 0.1978
0.019500000000000003 0.179
0.019500000000000003 0.181
0.019500000000000003 0.1832
0.019500000000000003 0.1853
0.019500000000000003 0.1874
0.019500000000000003 0.1894
0.019500000000000003 0.1916
0.019500000000000003 0.1937
0.019500000000000003 0.1958
0.019500000000000003 0.1979
0.02 0.177
0.02 0.1791
0.02 0.1811
0.02 0.1833
0.02 0.1854
0.02 0.1875
0.02 0.1895
0.02 0.1917
0.02 0.1938
0.02 0.1959
0.02 0.1979
0.020500000000000004 0.1771
0.020500000000000004 0.1791
0.020500000000000004 0.1812
0.020500000000000004 0.1833
0.020500000000000004 0.1855
0.020500000000000004 0.1875
0.020500000000000004 0.1896
0.020500000000000004 0.1917
0.020500000000000004 0.1939
0.020500000000000004 0.1959
0.020500000000000004 0.198
0.021 0.1772
0.021 0.1791
0.021 0.1813
0.021 0.1833
0.021 0.1855
0.021 0.1875
0.021 0.1897
0.021 0.1917
0.021 0.1939
0.021 0.1959
0.021 0.1981
0.0215 0.1791
0.0215 0.1813
0.0215 0.1833
0.0215 0.1856
0.0215 0.1875
0.0215 0.1897
0.0215 0.1917
0.0215 0.194
0.0215 0.1959
0.0215 0.1981
0.022000000000000002 0.1773
0.022000000000000002 0.1791
0.022000000000000002 0.1814
0.022000000000000002 0.1833
0.022000000000000002 0.1857
0.022000000000000002 0.1875
0.022000000000000002 0.1898
0.022000000000000002 0.1917
0.022000000000000002 0.1941
0.022000000000000002 0.196
0.022000000000000002 0.1982
0.0225 0.1774
0.0225 0.1792
0.0225 0.1815
0.0225 0.1834
0.0225 0.1858
0.0225 0.1876
0.0225 0.1899
0.0225 0.1918
0.0225 0.1942
0.0225 0.196
0.0225 0.1983
0.023000000000000003 0.1775
0.023000000000000003 0.1792
0.023000000000000003 0.1816
0.023000000000000003 0.1834
0.023000000000000003 0.1858
0.023000000000000003 0.1876
0.023000000000000003 0.1899
0.023000000000000003 0.1918
0.023000000000000003 0.1942
0.023000000000000003 0.196
0.023000000000000003 0.1984
0.0235 0.1773
0.0235 0.1775
0.0235 0.1792
0.0235 0.1816
0.0235 0.1834
0.0235 0.1859
0.0235 0.1876
0.0235 0.19
0.0235 0.1918
0.0235 0.1943
0.0235 0.196
0.0235 0.1984
0.024000000000000004 0.1774
0.024000000000000004 0.1776
0.024000000000000004 0.1792
0.024000000000000004 0.1817
0.024000000000000004 0.1834
0.024000000000000004 0.186
0.024000000000000004 0.1876
0.024000000000000004 0.1901
0.024000000000000004 0.1918
0.024000000000000004 0.1944
0.024000000000000004 0.196
0.024000000000000004 0.1985
0.0245 0.1777
0.0245 0.1792
0.0245 0.1818
0.0245 0.1834
0.0245 0.1861
0.0245 0.1876
0.0245 0.1902
0.0245 0.1918
0.0245 0.1945
0.0245 0.1961
0.0245 0.1986
0.025 0.1751
0.025 0.1775
0.025 0.1778
0.025 0.1793
0.025 0.1818
0.025 0.1835
0.025 0.1861
0.025 0.1877
0.025 0.1902
0.025 0.1919
0.025 0.1946
0.025 0.1961
0.025 0.1986
0.025500000000000002 0.1751
0.025500000000000002 0.1776
0.025500000000000002 0.1779
0.025500000000000002 0.1793
0.025500000000000002 0.1819
0.025500000000000002 0.1835
0.025500000000000002 0.1862
0.025500000000000002 0.1877
0.025500000000000002 0.1903
0.025500000000000002 0.1919
0.025500000000000002 0.1946
0.025500000000000002 0.1961
0.025500000000000002 0.1987
0.026000000000000002 0.1751
0.026000000000000002 0.1777
0.026000000000000002 0.1779
0.026000000000000002 0.1793
0.026000000000000002 0.182
0.026000000000000002 0.1835
0.026000000000000002 0.1863
0.026000000000000002 0.1877
0.026000000000000002 0.1904
0.026000000000000002 0.1919
0.026000000000000002 0.1947
0.026000000000000002 0.1961
0.026000000000000002 0.1988
0.026500000000000003 0.1751
0.026500000000000003 0.1777
0.026500000000000003 0.178
0.026500000000000003 0.1793
0.026500000000000003 0.1821
0.026500000000000003 0.1835
0.026500000000000003 0.1877
0.026500000000000003 0.1904
0.026500000000000003 0.1919
0.026500000000000003 0.1948
0.026500000000000003 0.1961
0.026500000000000003 0.1989
0.027000000000000003 0.1752
0.027000000000000003 0.1778
0.027000000000000003 0.1781
0.027000000000000003 0.1794
0.027000000000000003 0.1821
0.027000000000000003 0.1836
0.027000000000000003 0.1878
0.027000000000000003 0.1905
0.027000000000000003 0.192
0.027000000000000003 0.1946
0.027000000000000003 0.1949
0.027000000000000003 0.1989
0.0275 0.1752
0.0275 0.1779
0.0275 0.1782
0.0275 0.1794
0.0275 0.1822
0.0275 0.1836
0.0275 0.1865
0.0275 0.1878
0.0275 0.1906
0.0275 0.192
0.0275 0.1947
0.0275 0.1962
0.0275 0.199
0.028000000000000004 0.1752
0.028000000000000004 0.178
0.028000000000000004 0.1782
0.028000000000000004 0.1794
0.028000000000000004 0.1823
0.028000000000000004 0.1836
0.028000000000000004 0.1866
0.028000000000000004 0.1878
0.028000000000000004 0.1907
0.028000000000000004 0.192
0.028000000000000004 0.195
0.028000000000000004 0.1962
0.028000000000000004 0.1991
0.0285 0.1752
0.0285 0.178
0.0285 0.1783
0.0285 0.1794
0.0285 0.1823
0.0285 0.1836
0.0285 0.1867
0.0285 0.1878
0.0285 0.1907
0.0285 0.192
0.0285 0.1948
0.0285 0.1951
0.0285 0.1962
0.0285 0.1991
0.029000000000000005 0.1752
0.029000000000000005 0.1781
0.029000000000000005 0.1784
0.029000000000000005 0.1794
0.029000000000000005 0.1824
0.029000000000000005 0.1836
0.029000000000000005 0.1865
0.029000000000000005 0.1868
0.029000000000000005 0.1878
0.029000000000000005 0.1908
0.029000000000000005 0.192
0.029000000000000005 0.1949
0.029000000000000005 0.1952
0.029000000000000005 0.1963
0.029000000000000005 0.1992
0.029500000000000002 0.1753
0.029500000000000002 0.1781
0.029500000000000002 0.1785
0.029500000000000002 0.1795
0.029500000000000002 0.1825
0.029500000000000002 0.1837
0.029500000000000002 0.1866
0.029500000000000002 0.1868
0.029500000000000002 0.1879
0.029500000000000002 0.1909
0.029500000000000002 0.1921
0.029500000000000002 0.195
0.029500000000000002 0.1952
0.029500000000000002 0.1963
0.029500000000000002 0.1993
0.03 0.1753
0.03 0.1782
0.03 0.1785
0.03 0.1795
0.03 0.1826
0.03 0.1837
0.03 0.1869
0.03 0.1879
0.03 0.191
0.03 0.1921
0.03 0.1953
0.03 0.1963
0.03 0.1994
0.030500000000000003 0.1753
0.030500000000000003 0.1783
0.030500000000000003 0.1786
0.030500000000000003 0.1795
0.030500000000000003 0.1826
0.030500000000000003 0.1837
0.030500000000000003 0.1867
0.030500000000000003 0.187
0.030500000000000003 0.1879
0.030500000000000003 0.191
0.030500000000000003 0.1921
0.030500000000000003 0.1951
0.030500000000000003 0.1954
0.030500000000000003 0.1963
0.030500000000000003 0.1994
0.031 0.1753
0.031 0.1784
0.031 0.1787
0.031 0.1795
0.031 0.1823
0.031 0.1827
0.031 0.1837
0.031 0.1868
0.031 0.1871
0.031 0.1879
0.031 0.1911
0.031 0.1921
0.031 0.1952
0.031 0.1955
0.031 0.1964
0.031 0.1995
0.0315 0.1753
0.0315 0.1784
0.0315 0.1788
0.0315 0.1795
0.0315 0.1828
0.0315 0.1837
0.0315 0.1869
0.0315 0.1871
0.0315 0.1879
0.0315 0.1911
0.0315 0.1921
0.0315 0.1953
0.0315 0.1955
0.0315 0.1964
0.0315 0.1996
0.032 0.1754
0.032 0.1788
0.032 0.1796
0.032 0.1829
0.032 0.1838
0.032 0.1869
0.032 0.1872
0.032 0.188
0.032 0.1912
0.032 0.1922
0.032 0.1953
0.032 0.1956
0.032 0.1964
0.032 0.1997
0.0325 0.1754
0.0325 0.1786
0.0325 0.1789
0.0325 0.1796
0.0325 0.1829
0.0325 0.1838
0.0325 0.187
0.0325 0.1873
0.0325 0.188
0.0325 0.1913
0.0325 0.1922
0.0325 0.1954
0.0325 0.1957
0.0325 0.1997
0.033 0.1754
0.033 0.1787
0.033 0.179
0.033 0.1796
0.033 0.183
0.033 0.1838
0.033 0.1871
0.033 0.1873
0.033 0.188
0.033 0.1914
0.033 0.1922
0.033 0.1955
0.033 0.1958
0.033 0.1998
0.0335 0.1754
0.0335 0.1787
0.0335 0.1796
0.0335 0.1827
0.0335 0.183
0.0335 0.1838
0.0335 0.1871
0.0335 0.188
0.0335 0.1914
0.0335 0.1922
0.0335 0.1955
0.0335 0.1958
0.0335 0.1965
0.0335 0.1999
0.034 0.1754
0.034 0.1788
0.034 0.1792
0.034 0.1796
0.034 0.1831
0.034 0.1838
0.034 0.1872
0.034 0.1875
0.034 0.188
0.034 0.1915
0.034 0.1922
0.034 0.1956
0.034 0.1959
0.034 0.1999
0.0345 0.1755
0.0345 0.1788
0.0345 0.1792
0.0345 0.1797
0.0345 0.1833
0.0345 0.1839
0.0345 0.1873
0.0345 0.1876
0.0345 0.1881
0.0345 0.1916
0.0345 0.1923
0.0345 0.1957
0.0345 0.196
0.0345 0.1966
0.035 0.1755
0.035 0.179
0.035 0.1797
0.035 0.1833
0.035 0.1839
0.035 0.1874
0.035 0.1876
0.035 0.1881
0.035 0.1917
0.035 0.1923
0.035 0.1957
0.035 0.1961
0.035 0.1964
0.035500000000000004 0.1755
0.035500000000000004 0.179
0.035500000000000004 0.1793
0.035500000000000004 0.1797
0.035500000000000004 0.1834
0.035500000000000004 0.1839
0.035500000000000004 0.1874
0.035500000000000004 0.1881
0.035500000000000004 0.1917
0.035500000000000004 0.1923
0.035500000000000004 0.1958
0.035500000000000004 0.1961
0.035500000000000004 0.1966
0.036000000000000004 0.1755
0.036000000000000004 0.1787
0.036000000000000004 0.1791
0.036000000000000004 0.1793
0.036000000000000004 0.1797
0.036000000000000004 0.1834
0.036000000000000004 0.1839
0.036000000000000004 0.1871
0.036000000000000004 0.1875
0.036000000000000004 0.1881
0.036000000000000004 0.1918
0.036000000000000004 0.1923
0.036000000000000004 0.1959
0.036000000000000004 0.1962
0.036000000000000004 0.1964
0.036000000000000004 0.1966
0.036500000000000005 0.1755
0.036500000000000005 0.1791
0.036500000000000005 0.1797
0.036500000000000005 0.1834
0.036500000000000005 0.1839
0.036500000000000005 0.1875
0.036500000000000005 0.1881
0.036500000000000005 0.1918
0.036500000000000005 0.1923
0.036500000000000005 0.196
0.036500000000000005 0.1967
0.037000000000000005 0.1756
0.037000000000000005 0.1791
0.037000000000000005 0.1798
0.037000000000000005 0.184
0.037000000000000005 0.1876
0.037000000000000005 0.1882
0.037000000000000005 0.1918
0.037000000000000005 0.1924
0.037000000000000005 0.196
0.037000000000000005 0.1964
0.037000000000000005 0.1967
0.0375 0.1756
0.0375 0.1791
0.0375 0.1798
0.0375 0.184
0.0375 0.1882
0.0375 0.1918
0.0375 0.1924
0.0375 0.1961
0.0375 0.1964
0.0375 0.1967
0.038000000000000006 0.1756
0.038000000000000006 0.1791
0.038000000000000006 0.1798
0.038000000000000006 0.184
0.038000000000000006 0.1882
0.038000000000000006 0.1924
0.038000000000000006 0.1966
0.0385 0.1756
0.0385 0.1798
0.0385 0.184
0.0385 0.1882
0.0385 0.1924
0.0385 0.1966
0.03900000000000001 0.1756
0.03900000000000001 0.1798
0.03900000000000001 0.184
0.03900000000000001 0.1882
0.03900000000000001 0.1924
0.03900000000000001 0.1963
0.03900000000000001 0.1967
0.0395 0.1757
0.0395 0.1799
0.0395 0.1841
0.0395 0.1883
0.0395 0.1925
0.0395 0.1967
0.04 0.1757
0.04 0.1799
0.04 0.1841
0.04 0.1883
0.04 0.1925
0.04 0.1965
0.04 0.1968
0.0405 0.1757
0.0405 0.1799
0.0405 0.1841
0.0405 0.1883
0.0405 0.1925
0.0405 0.1968
0.04100000000000001 0.1757
0.04100000000000001 0.1799
0.04100000000000001 0.1841
0.04100000000000001 0.1883
0.04100000000000001 0.1925
0.04100000000000001 0.1966
0.0415 0.1757
0.0415 0.1799
0.0415 0.1842
0.0415 0.1883
0.0415 0.1925
0.0415 0.1969
0.042 0.1758
0.042 0.1799
0.042 0.1842
0.042 0.1883
0.042 0.1888
0.042 0.1926
0.042 0.1967
0.042 0.1973
0.0425 0.1758
0.0425 0.18
0.0425 0.1842
0.0425 0.1884
0.0425 0.1888
0.0425 0.1926
0.0425 0.1967
0.0425 0.1973
0.043 0.1758
0.043 0.18
0.043 0.1807
0.043 0.1842
0.043 0.1884
0.043 0.1926
0.043 0.1967
0.043 0.1973
0.043500000000000004 0.1758
0.043500000000000004 0.18
0.043500000000000004 0.1842
0.043500000000000004 0.1884
0.043500000000000004 0.189
0.043500000000000004 0.1926
0.043500000000000004 0.1968
0.043500000000000004 0.1973
0.044000000000000004 0.1759
0.044000000000000004 0.18
0.044000000000000004 0.1807
0.044000000000000004 0.1843
0.044000000000000004 0.1884
0.044000000000000004 0.189
0.044000000000000004 0.1893
0.044000000000000004 0.1927
0.044000000000000004 0.1933
0.044000000000000004 0.1968
0.044000000000000004 0.1975
0.044500000000000005 0.1759
0.044500000000000005 0.1801
0.044500000000000005 0.1807
0.044500000000000005 0.1843
0.044500000000000005 0.1885
0.044500000000000005 0.1891
0.044500000000000005 0.1927
0.044500000000000005 0.1933
0.044500000000000005 0.1968
0.044500000000000005 0.1971
0.044500000000000005 0.1975
0.045 0.1759
0.045 0.1801
0.045 0.1843
0.045 0.1849
0.045 0.1885
0.045 0.1927
0.045 0.1933
0.045 0.1968
0.045 0.1971
0.045 0.1976
0.0455 0.1759
0.0455 0.1801
0.0455 0.1809
0.0455 0.1843
0.0455 0.1849
0.0455 0.1885
0.0455 0.1893
0.0455 0.1927
0.0455 0.1933
0.0455 0.1968
0.0455 0.1971
0.0455 0.1976
0.046000000000000006 0.176
0.046000000000000006 0.1801
0.046000000000000006 0.181
0.046000000000000006 0.1844
0.046000000000000006 0.1849
0.046000000000000006 0.1852
0.046000000000000006 0.1885
0.046000000000000006 0.189
0.046000000000000006 0.1893
0.046000000000000006 0.1927
0.046000000000000006 0.1933
0.046000000000000006 0.1936
0.046000000000000006 0.1969
0.046000000000000006 0.1971
0.046000000000000006 0.1977
0.04650000000000001 0.176
0.04650000000000001 0.1801
0.04650000000000001 0.1806
0.04650000000000001 0.181
0.04650000000000001 0.1844
0.04650000000000001 0.1849
0.04650000000000001 0.189
0.04650000000000001 0.1894
0.04650000000000001 0.1928
0.04650000000000001 0.1933
0.04650000000000001 0.1969
0.04650000000000001 0.1971
0.04650000000000001 0.1978
0.047 0.176
0.047 0.1802
0.047 0.1806
0.047 0.1811
0.047 0.1844
0.047 0.1886
0.047 0.189
0.047 0.1895
0.047 0.1928
0.047 0.1969
0.047 0.1971
0.047 0.1979
0.0475 0.176
0.0475 0.1802
0.0475 0.1812
0.0475 0.1844
0.0475 0.1886
0.0475 0.1895
0.0475 0.1928
0.0475 0.1969
0.0475 0.1975
0.0475 0.198
0.04800000000000001 0.176
0.04800000000000001 0.1802
0.04800000000000001 0.1813
0.04800000000000001 0.1844
0.04800000000000001 0.1852
0.04800000000000001 0.1886
0.04800000000000001 0.1896
0.04800000000000001 0.1928
0.04800000000000001 0.1936
0.04800000000000001 0.194
0.04800000000000001 0.198
0.04850000000000001 0.1761
0.04850000000000001 0.1802
0.04850000000000001 0.1813
0.04850000000000001 0.1845
0.04850000000000001 0.1853
0.04850000000000001 0.1886
0.04850000000000001 0.1897
0.04850000000000001 0.1929
0.04850000000000001 0.1936
0.04850000000000001 0.1972
0.04850000000000001 0.1976
0.04850000000000001 0.1981
0.049 0.1761
0.049 0.1803
0.049 0.1809
0.049 0.1814
0.049 0.1845
0.049 0.1853
0.049 0.1887
0.049 0.1893
0.049 0.1898
0.049 0.1929
0.049 0.1937
0.049 0.197
0.049 0.1972
0.049 0.1982
0.0495 0.1761
0.0495 0.1803
0.0495 0.1809
0.0495 0.1815
0.0495 0.1845
0.0495 0.1854
0.0495 0.1898
0.0495 0.1929
0.0495 0.1937
0.0495 0.197
0.0495 0.1972
0.0495 0.1983
0.05 0.1761
0.05 0.1803
0.05 0.181
0.05 0.1816
0.05 0.1845
0.05 0.1855
0.05 0.1887
0.05 0.1894
0.05 0.1899
0.05 0.1929
0.05 0.1938
0.05 0.197
0.05 0.1972
0.05 0.1983
0.05050000000000001 0.1761
0.05050000000000001 0.1803
0.05050000000000001 0.1816
0.05050000000000001 0.1845
0.05050000000000001 0.1855
0.05050000000000001 0.1887
0.05050000000000001 0.1895
0.05050000000000001 0.19
0.05050000000000001 0.1929
0.05050000000000001 0.1939
0.05050000000000001 0.197
0.05050000000000001 0.1979
0.05050000000000001 0.1984
0.051000000000000004 0.1762
0.051000000000000004 0.1803
0.051000000000000004 0.1817
0.051000000000000004 0.1846
0.051000000000000004 0.1856
0.051000000000000004 0.1896
0.051000000000000004 0.1901
0.051000000000000004 0.193
0.051000000000000004 0.194
0.051000000000000004 0.1979
0.051000000000000004 0.1985
0.051500000000000004 0.1762
0.051500000000000004 0.1774
0.051500000000000004 0.1804
0.051500000000000004 0.1812
0.051500000000000004 0.1818
0.051500000000000004 0.1846
0.051500000000000004 0.1857
0.051500000000000004 0.1887
0.051500000000000004 0.1896
0.051500000000000004 0.1901
0.051500000000000004 0.193
0.051500000000000004 0.1941
0.051500000000000004 0.1973
0.051500000000000004 0.198
0.051500000000000004 0.1986
0.052000000000000005 0.1762
0.052000000000000005 0.1774
0.052000000000000005 0.1804
0.052000000000000005 0.1813
0.052000000000000005 0.1819
0.052000000000000005 0.1846
0.052000000000000005 0.1857
0.052000000000000005 0.1888
0.052000000000000005 0.1897
0.052000000000000005 0.1902
0.052000000000000005 0.193
0.052000000000000005 0.1941
0.052000000000000005 0.1971
0.052000000000000005 0.1973
0.052000000000000005 0.1981
0.052000000000000005 0.1986
0.0525 0.1762
0.0525 0.1804
0.0525 0.1813
0.0525 0.1819
0.0525 0.1846
0.0525 0.1858
0.0525 0.1888
0.0525 0.1898
0.0525 0.1903
0.0525 0.193
0.0525 0.1942
0.0525 0.1971
0.0525 0.1973
0.0525 0.1982
0.0525 0.1987
0.053000000000000005 0.1762
0.053000000000000005 0.1775
0.053000000000000005 0.1777
0.053000000000000005 0.1814
0.053000000000000005 0.182
0.053000000000000005 0.1846
0.053000000000000005 0.1859
0.053000000000000005 0.1888
0.053000000000000005 0.1898
0.053000000000000005 0.1904
0.053000000000000005 0.193
0.053000000000000005 0.1943
0.053000000000000005 0.1971
0.053000000000000005 0.1982
0.053000000000000005 0.1988
0.053500000000000006 0.1763
0.053500000000000006 0.1775
0.053500000000000006 0.1777
0.053500000000000006 0.1815
0.053500000000000006 0.1821
0.053500000000000006 0.1847
0.053500000000000006 0.186
0.053500000000000006 0.1899
0.053500000000000006 0.1905
0.053500000000000006 0.1931
0.053500000000000006 0.1944
0.053500000000000006 0.1983
0.053500000000000006 0.1989
0.054000000000000006 0.1763
0.054000000000000006 0.1805
0.054000000000000006 0.1822
0.054000000000000006 0.1847
0.054000000000000006 0.186
0.054000000000000006 0.1888
0.054000000000000006 0.19
0.054000000000000006 0.1905
0.054000000000000006 0.1931
0.054000000000000006 0.1944
0.054000000000000006 0.1974
0.054000000000000006 0.1984
0.054000000000000006 0.1989
0.0545 0.1763
0.0545 0.1778
0.0545 0.1805
0.0545 0.1822
0.0545 0.1847
0.0545 0.1861
0.0545 0.1889
0.0545 0.1906
0.0545 0.1931
0.0545 0.1972
0.0545 0.1974
0.0545 0.199
0.055 0.1763
0.055 0.1778
0.055 0.1805
0.055 0.1817
0.055 0.1823
0.055 0.1847
0.055 0.1862
0.055 0.1889
0.055 0.1901
0.055 0.1907
0.055 0.1931
0.055 0.1946
0.055 0.1972
0.055 0.1974
0.055 0.1985
0.055 0.1991
0.05550000000000001 0.1763
0.05550000000000001 0.1779
0.05550000000000001 0.1781
0.05550000000000001 0.1805
0.05550000000000001 0.1818
0.05550000000000001 0.1824
0.05550000000000001 0.1847
0.05550000000000001 0.1863
0.05550000000000001 0.1889
0.05550000000000001 0.1902
0.05550000000000001 0.1908
0.05550000000000001 0.1931
0.05550000000000001 0.1946
0.05550000000000001 0.1972
0.05550000000000001 0.1986
0.05550000000000001 0.1992
0.05600000000000001 0.1764
0.05600000000000001 0.1781
0.05600000000000001 0.1805
0.05600000000000001 0.1818
0.05600000000000001 0.1825
0.05600000000000001 0.1848
0.05600000000000001 0.1863
0.05600000000000001 0.1908
0.05600000000000001 0.1932
0.05600000000000001 0.1947
0.05600000000000001 0.1986
0.05600000000000001 0.1993
0.0565 0.1764
0.0565 0.1781
0.0565 0.1805
0.0565 0.1819
0.0565 0.1825
0.0565 0.1848
0.0565 0.1864
0.0565 0.1889
0.0565 0.1903
0.0565 0.1909
0.0565 0.1932
0.0565 0.1948
0.0565 0.1987
0.0565 0.1993
0.057 0.1764
0.057 0.1782
0.057 0.1806
0.057 0.1826
0.057 0.1848
0.057 0.1865
0.057 0.189
0.057 0.1904
0.057 0.191
0.057 0.1932
0.057 0.1975
0.057 0.1988
0.057 0.1994
0.0575 0.1764
0.0575 0.1782
0.0575 0.1785
0.0575 0.1806
0.0575 0.182
0.0575 0.1827
0.0575 0.1848
0.0575 0.1866
0.0575 0.189
0.0575 0.1905
0.0575 0.1911
0.0575 0.1932
0.0575 0.1949
0.0575 0.1973
0.0575 0.1995
0.05800000000000001 0.1764
0.05800000000000001 0.1782
0.05800000000000001 0.1806
0.05800000000000001 0.1821
0.05800000000000001 0.1828
0.05800000000000001 0.1848
0.05800000000000001 0.1866
0.05800000000000001 0.189
0.05800000000000001 0.1905
0.05800000000000001 0.1911
0.05800000000000001 0.1932
0.05800000000000001 0.195
0.05800000000000001 0.1973
0.05800000000000001 0.1989
0.05800000000000001 0.1996
0.0585 0.1765
0.0585 0.1783
0.0585 0.1806
0.0585 0.1822
0.0585 0.1828
0.0585 0.1849
0.0585 0.1867
0.0585 0.189
0.0585 0.1906
0.0585 0.1912
0.0585 0.1933
0.0585 0.1951
0.0585 0.199
0.0585 0.1996
0.059000000000000004 0.1765
0.059000000000000004 0.1806
0.059000000000000004 0.1822
0.059000000000000004 0.1829
0.059000000000000004 0.1849
0.059000000000000004 0.1868
0.059000000000000004 0.189
0.059000000000000004 0.1907
0.059000000000000004 0.1913
0.059000000000000004 0.1933
0.059000000000000004 0.1952
0.059000000000000004 0.1991
0.059000000000000004 0.1997
0.059500000000000004 0.1765
0.059500000000000004 0.1785
0.059500000000000004 0.1807
0.059500000000000004 0.1823
0.059500000000000004 0.183
0.059500000000000004 0.1849
0.059500000000000004 0.1869
0.059500000000000004 0.189
0.059500000000000004 0.1907
0.059500000000000004 0.1914
0.059500000000000004 0.1933
0.059500000000000004 0.1952
0.059500000000000004 0.1991
0.059500000000000004 0.1998
0.06 0.1765
0.06 0.1786
0.06 0.1807
0.06 0.1824
0.06 0.1831
0.06 0.1849
0.06 0.1869
0.06 0.1908
0.06 0.1914
0.06 0.1933
0.06 0.1953
0.06 0.1974
0.06 0.1992
0.06 0.1999
0.060500000000000005 0.1765
0.060500000000000005 0.1786
0.060500000000000005 0.1807
0.060500000000000005 0.1824
0.060500000000000005 0.1831
0.060500000000000005 0.1849
0.060500000000000005 0.187
0.060500000000000005 0.1891
0.060500000000000005 0.1909
0.060500000000000005 0.1915
0.060500000000000005 0.1933
0.060500000000000005 0.1954
0.060500000000000005 0.1974
0.060500000000000005 0.1993
0.060500000000000005 0.1999
0.061000000000000006 0.1766
0.061000000000000006 0.1787
0.061000000000000006 0.1807
0.061000000000000006 0.1825
0.061000000000000006 0.1832
0.061000000000000006 0.185
0.061000000000000006 0.1871
0.061000000000000006 0.1891
0.061000000000000006 0.1909
0.061000000000000006 0.1916
0.061000000000000006 0.1934
0.061000000000000006 0.1954
0.061000000000000006 0.1993
0.061500000000000006 0.1766
0.061500000000000006 0.1788
0.061500000000000006 0.1807
0.061500000000000006 0.1826
0.061500000000000006 0.1833
0.061500000000000006 0.185
0.061500000000000006 0.1871
0.061500000000000006 0.1891
0.061500000000000006 0.191
0.061500000000000006 0.1917
0.061500000000000006 0.1934
0.061500000000000006 0.1955
0.061500000000000006 0.1994
0.062 0.1766
0.062 0.1789
0.062 0.1807
0.062 0.1827
0.062 0.1834
0.062 0.185
0.062 0.1872
0.062 0.1891
0.062 0.1911
0.062 0.1917
0.062 0.1934
0.062 0.1956
0.062 0.1995
0.0625 0.1766
0.0625 0.1789
0.0625 0.1808
0.0625 0.1827
0.0625 0.1834
0.0625 0.185
0.0625 0.1873
0.0625 0.1891
0.0625 0.1912
0.0625 0.1918
0.0625 0.1934
0.0625 0.1957
0.0625 0.1995
0.063 0.1751
0.063 0.1766
0.063 0.179
0.063 0.1808
0.063 0.1828
0.063 0.1835
0.063 0.185
0.063 0.1874
0.063 0.1891
0.063 0.1912
0.063 0.1919
0.063 0.1934
0.063 0.1957
0.063 0.1975
0.063 0.1996
0.0635 0.1751
0.0635 0.1767
0.0635 0.1791
0.0635 0.1808
0.0635 0.1829
0.0635 0.1836
0.0635 0.1851
0.0635 0.1874
0.0635 0.1913
0.0635 0.192
0.0635 0.1935
0.0635 0.1958
0.0635 0.1997
0.064 0.1752
0.064 0.1767
0.064 0.1789
0.064 0.1792
0.064 0.1808
0.064 0.1829
0.064 0.1837
0.064 0.1851
0.064 0.1875
0.064 0.1892
0.064 0.1894
0.064 0.1914
0.064 0.192
0.064 0.1935
0.064 0.1959
0.064 0.1978
0.064 0.1997
0.0645 0.1753
0.0645 0.1767
0.0645 0.179
0.0645 0.1792
0.0645 0.1808
0.0645 0.183
0.0645 0.1837
0.0645 0.1851
0.0645 0.1876
0.0645 0.1892
0.0645 0.1894
0.0645 0.1914
0.0645 0.1921
0.0645 0.1935
0.0645 0.196
0.0645 0.1998
0.065 0.1754
0.065 0.1767
0.065 0.1793
0.065 0.1808
0.065 0.1831
0.065 0.1838
0.065 0.1851
0.065 0.1877
0.065 0.1892
0.065 0.1915
0.065 0.1922
0.065 0.1935
0.065 0.196
0.065 0.1999
0.0655 0.1754
0.0655 0.1767
0.0655 0.1794
0.0655 0.1831
0.0655 0.1839
0.0655 0.1851
0.0655 0.1877
0.0655 0.1892
0.0655 0.1916
0.0655 0.1923
0.0655 0.1935
0.0655 0.1961
0.0655 0.1999
0.066 0.1768
0.066 0.1795
0.066 0.1809
0.066 0.1832
0.066 0.184
0.066 0.1852
0.066 0.1878
0.066 0.1895
0.066 0.1916
0.066 0.1923
0.066 0.1936
0.066 0.1962
0.0665 0.1768
0.0665 0.1792
0.0665 0.1796
0.0665 0.1809
0.0665 0.1833
0.0665 0.1852
0.0665 0.1879
0.0665 0.1893
0.0665 0.1895
0.0665 0.1917
0.0665 0.1924
0.0665 0.1936
0.0665 0.1963
0.0665 0.1979
0.067 0.1768
0.067 0.1794
0.067 0.1796
0.067 0.1809
0.067 0.1833
0.067 0.1841
0.067 0.1879
0.067 0.1893
0.067 0.1895
0.067 0.1918
0.067 0.1925
0.067 0.1936
0.067 0.1963
0.0675 0.1751
0.0675 0.1758
0.0675 0.1768
0.0675 0.1797
0.0675 0.1809
0.0675 0.1834
0.0675 0.1842
0.0675 0.1852
0.0675 0.188
0.0675 0.1893
0.0675 0.1895
0.0675 0.1918
0.0675 0.1926
0.0675 0.1936
0.0675 0.1964
0.068 0.1752
0.068 0.1758
0.068 0.1768
0.068 0.1795
0.068 0.1797
0.068 0.1809
0.068 0.1835
0.068 0.1843
0.068 0.1852
0.068 0.1881
0.068 0.1893
0.068 0.1919
0.068 0.1927
0.068 0.1936
0.068 0.1965
0.0685 0.1752
0.0685 0.1769
0.0685 0.1795
0.0685 0.1836
0.0685 0.1882
0.0685 0.1893
0.0685 0.1896
0.0685 0.192
0.0685 0.1927
0.0685 0.1937
0.0685 0.1966
0.069 0.1753
0.069 0.1769
0.069 0.181
0.069 0.1812
0.069 0.1836
0.069 0.1882
0.069 0.1894
0.069 0.1896
0.069 0.1921
0.069 0.1928
0.069 0.1937
0.069 0.1966
0.0695 0.1754
0.0695 0.1769
0.0695 0.1798
0.0695 0.18
0.0695 0.1812
0.0695 0.1837
0.0695 0.1845
0.0695 0.1883
0.0695 0.1894
0.0695 0.1896
0.0695 0.1921
0.0695 0.1929
0.0695 0.1937
0.0695 0.1967
0.07 0.1755
0.07 0.1761
0.07 0.1769
0.07 0.181
0.07 0.1838
0.07 0.1884
0.07 0.1894
0.07 0.1896
0.07 0.1922
0.07 0.193
0.07 0.1937
0.07 0.1968
0.07050000000000001 0.1755
0.07050000000000001 0.1762
0.07050000000000001 0.1769
0.07050000000000001 0.1801
0.07050000000000001 0.181
0.07050000000000001 0.1838
0.07050000000000001 0.1885
0.07050000000000001 0.1894
0.07050000000000001 0.1923
0.07050000000000001 0.193
0.07050000000000001 0.1968
0.07100000000000001 0.1756
0.07100000000000001 0.1762
0.07100000000000001 0.1799
0.07100000000000001 0.1801
0.07100000000000001 0.181
0.07100000000000001 0.1813
0.07100000000000001 0.1839
0.07100000000000001 0.1847
0.07100000000000001 0.1854
0.07100000000000001 0.1885
0.07100000000000001 0.1894
0.07100000000000001 0.1897
0.07100000000000001 0.1923
0.07100000000000001 0.1938
0.07100000000000001 0.1969
0.07150000000000001 0.1757
0.07150000000000001 0.1762
0.07150000000000001 0.177
0.07150000000000001 0.1799
0.07150000000000001 0.1811
0.07150000000000001 0.1813
0.07150000000000001 0.184
0.07150000000000001 0.1848
0.07150000000000001 0.1854
0.07150000000000001 0.1886
0.07150000000000001 0.1895
0.07150000000000001 0.1897
0.07150000000000001 0.1924
0.07150000000000001 0.1938
0.07150000000000001 0.197
0.07200000000000001 0.1757
0.07200000000000001 0.1762
0.07200000000000001 0.177
0.07200000000000001 0.1802
0.07200000000000001 0.1811
0.07200000000000001 0.1813
0.07200000000000001 0.184
0.07200000000000001 0.1854
0.07200000000000001 0.1887
0.07200000000000001 0.1895
0.07200000000000001 0.1897
0.07200000000000001 0.1925
0.07200000000000001 0.1938
0.07200000000000001 0.1971
0.0725 0.1758
0.0725 0.177
0.0725 0.1802
0.0725 0.1804
0.0725 0.1811
0.0725 0.1813
0.0725 0.1841
0.0725 0.1849
0.0725 0.1854
0.0725 0.1888
0.0725 0.1895
0.0725 0.1897
0.0725 0.1925
0.0725 0.1933
0.0725 0.1938
0.0725 0.1971
0.07300000000000001 0.1759
0.07300000000000001 0.177
0.07300000000000001 0.1811
0.07300000000000001 0.1842
0.07300000000000001 0.1855
0.07300000000000001 0.1888
0.07300000000000001 0.1895
0.07300000000000001 0.1926
0.07300000000000001 0.1934
0.07300000000000001 0.1972
0.07350000000000001 0.1759
0.07350000000000001 0.1771
0.07350000000000001 0.1805
0.07350000000000001 0.1811
0.07350000000000001 0.1814
0.07350000000000001 0.1843
0.07350000000000001 0.1851
0.07350000000000001 0.1855
0.07350000000000001 0.1889
0.07350000000000001 0.1895
0.07350000000000001 0.1898
0.07350000000000001 0.1927
0.07350000000000001 0.1934
0.07350000000000001 0.1939
0.07350000000000001 0.1973
0.07350000000000001 0.1982
0.07400000000000001 0.176
0.07400000000000001 0.1771
0.07400000000000001 0.1803
0.07400000000000001 0.1805
0.07400000000000001 0.1812
0.07400000000000001 0.1814
0.07400000000000001 0.1843
0.07400000000000001 0.1855
0.07400000000000001 0.1889
0.07400000000000001 0.1896
0.07400000000000001 0.1898
0.07400000000000001 0.1927
0.07400000000000001 0.1939
0.07400000000000001 0.1974
0.07400000000000001 0.1982
0.0745 0.1761
0.0745 0.1771
0.0745 0.1812
0.0745 0.1814
0.0745 0.1844
0.0745 0.1849
0.0745 0.1855
0.0745 0.1896
0.0745 0.1898
0.0745 0.1928
0.0745 0.1939
0.0745 0.1974
0.075 0.1762
0.075 0.1771
0.075 0.1806
0.075 0.1812
0.075 0.1814
0.075 0.1845
0.075 0.1855
0.075 0.1896
0.075 0.1898
0.075 0.1929
0.075 0.1939
0.075 0.1975
0.07550000000000001 0.1762
0.07550000000000001 0.1771
0.07550000000000001 0.1806
0.07550000000000001 0.1812
0.07550000000000001 0.1814
0.07550000000000001 0.1845
0.07550000000000001 0.1856
0.07550000000000001 0.1892
0.07550000000000001 0.1896
0.07550000000000001 0.1898
0.07550000000000001 0.1939
0.07550000000000001 0.1976
0.07550000000000001 0.198
0.07600000000000001 0.1763
0.07600000000000001 0.1772
0.07600000000000001 0.1812
0.07600000000000001 0.1815
0.07600000000000001 0.1846
0.07600000000000001 0.1856
0.07600000000000001 0.189
0.07600000000000001 0.1892
0.07600000000000001 0.1896
0.07600000000000001 0.194
0.07600000000000001 0.1976
0.07600000000000001 0.198
0.07600000000000001 0.1983
0.0765 0.1764
0.0765 0.1772
0.0765 0.1813
0.0765 0.1815
0.0765 0.1847
0.0765 0.1856
0.0765 0.1893
0.0765 0.1896
0.0765 0.1899
0.0765 0.1928
0.0765 0.1931
0.0765 0.194
0.0765 0.1977
0.0765 0.1983
0.077 0.1765
0.077 0.1772
0.077 0.1813
0.077 0.1815
0.077 0.1847
0.077 0.1856
0.077 0.1893
0.077 0.1897
0.077 0.1899
0.077 0.1931
0.077 0.194
0.077 0.1983
0.0775 0.1762
0.0775 0.1765
0.0775 0.1772
0.0775 0.1813
0.0775 0.1815
0.0775 0.1856
0.0775 0.1897
0.0775 0.1899
0.0775 0.1931
0.0775 0.194
0.0775 0.1983
0.07800000000000001 0.1766
0.07800000000000001 0.1772
0.07800000000000001 0.1813
0.07800000000000001 0.1815
0.07800000000000001 0.1849
0.07800000000000001 0.1857
0.07800000000000001 0.1897
0.07800000000000001 0.1899
0.07800000000000001 0.1933
0.07800000000000001 0.194
0.07800000000000001 0.1981
0.0785 0.1773
0.0785 0.1813
0.0785 0.1816
0.0785 0.1849
0.0785 0.1857
0.0785 0.1897
0.0785 0.1933
0.0785 0.1941
0.0785 0.1981
0.079 0.1768
0.079 0.1773
0.079 0.1813
0.079 0.1816
0.079 0.1857
0.079 0.1934
0.079 0.1941
0.079 0.1981
0.0795 0.1768
0.0795 0.1773
0.0795 0.1814
0.0795 0.1816
0.0795 0.1858
0.0795 0.1941
0.0795 0.1945
0.0795 0.1981
0.08 0.1773
0.08 0.1814
0.08 0.1816
0.08 0.1852
0.08 0.1856
0.08 0.1858
0.08 0.1898
0.08 0.1936
0.08 0.1941
0.08 0.1945
0.08 0.1982
0.08 0.1985
0.0805 0.177
0.0805 0.1773
0.0805 0.1814
0.0805 0.1816
0.0805 0.1852
0.0805 0.1856
0.0805 0.1858
0.0805 0.1864
0.0805 0.1898
0.0805 0.1936
0.0805 0.1942
0.0805 0.1945
0.0805 0.1982
0.0805 0.1985
0.081 0.1767
0.081 0.177
0.081 0.1773
0.081 0.1814
0.081 0.1852
0.081 0.1856
0.081 0.1898
0.081 0.1936
0.081 0.1941
0.081 0.1946
0.081 0.1982
0.081 0.1985
0.0815 0.177
0.0815 0.1773
0.0815 0.178
0.0815 0.1815
0.0815 0.1857
0.0815 0.1864
0.0815 0.1901
0.0815 0.1941
0.0815 0.1947
0.0815 0.1982
0.0815 0.1985
0.08200000000000002 0.177
0.08200000000000002 0.1773
0.08200000000000002 0.1815
0.08200000000000002 0.1817
0.08200000000000002 0.1857
0.08200000000000002 0.1864
0.08200000000000002 0.1868
0.08200000000000002 0.1899
0.08200000000000002 0.1901
0.08200000000000002 0.1936
0.08200000000000002 0.1941
0.08200000000000002 0.1948
0.08200000000000002 0.1982
0.08200000000000002 0.1985
0.0825 0.1773
0.0825 0.178
0.0825 0.1783
0.0825 0.1815
0.0825 0.1817
0.0825 0.1857
0.0825 0.1864
0.0825 0.1899
0.0825 0.1901
0.0825 0.1941
0.0825 0.1949
0.0825 0.1982
0.0825 0.1985
0.083 0.1774
0.083 0.178
0.083 0.1815
0.083 0.1821
0.083 0.1857
0.083 0.1865
0.083 0.1899
0.083 0.1901
0.083 0.1942
0.083 0.1949
0.083 0.1983
0.083 0.1986
0.08349999999999999 0.1774
0.08349999999999999 0.1815
0.08349999999999999 0.1818
0.08349999999999999 0.1821
0.08349999999999999 0.1858
0.08349999999999999 0.1866
0.08349999999999999 0.1899
0.08349999999999999 0.1942
0.08349999999999999 0.1945
0.08349999999999999 0.195
0.08349999999999999 0.1983
0.08349999999999999 0.1986
0.084 0.1774
0.084 0.1782
0.084 0.1818
0.084 0.1858
0.084 0.1867
0.084 0.1942
0.084 0.1951
0.084 0.1983
0.084 0.1986
0.0845 0.1775
0.0845 0.1816
0.0845 0.1818
0.0845 0.1824
0.0845 0.1858
0.0845 0.1867
0.0845 0.1902
0.0845 0.1942
0.0845 0.1952
0.0845 0.1983
0.085 0.1775
0.085 0.1816
0.085 0.1818
0.085 0.1822
0.085 0.1858
0.085 0.1861
0.085 0.1868
0.085 0.19
0.085 0.1902
0.085 0.1943
0.085 0.1952
0.085 0.1983
0.085 0.1986
0.085 0.199
0.0855 0.1775
0.0855 0.1784
0.0855 0.1816
0.0855 0.1818
0.0855 0.1822
0.0855 0.1859
0.0855 0.1869
0.0855 0.19
0.0855 0.1902
0.0855 0.1908
0.0855 0.1943
0.0855 0.1953
0.0855 0.1984
0.0855 0.1987
0.0855 0.199
0.086 0.1775
0.086 0.1785
0.086 0.1816
0.086 0.1823
0.086 0.1859
0.086 0.187
0.086 0.1908
0.086 0.1943
0.086 0.1954
0.086 0.1984
0.086 0.1987
0.086 0.1991
0.08650000000000001 0.1775
0.08650000000000001 0.1779
0.08650000000000001 0.1816
0.08650000000000001 0.1819
0.08650000000000001 0.1824
0.08650000000000001 0.1859
0.08650000000000001 0.1871
0.08650000000000001 0.1908
0.08650000000000001 0.1943
0.08650000000000001 0.1955
0.08650000000000001 0.1984
0.08650000000000001 0.1987
0.08650000000000001 0.1992
0.08700000000000001 0.1776
0.08700000000000001 0.1779
0.08700000000000001 0.1819
0.08700000000000001 0.1825
0.08700000000000001 0.1859
0.08700000000000001 0.1871
0.08700000000000001 0.1903
0.08700000000000001 0.1909
0.08700000000000001 0.1944
0.08700000000000001 0.1955
0.08700000000000001 0.1984
0.08700000000000001 0.1987
0.08700000000000001 0.1993
0.0875 0.1776
0.0875 0.178
0.0875 0.1787
0.0875 0.1817
0.0875 0.1819
0.0875 0.1826
0.0875 0.1859
0.0875 0.1872
0.0875 0.1909
0.0875 0.1944
0.0875 0.1956
0.0875 0.1984
0.0875 0.1987
0.0875 0.1993
0.08800000000000001 0.1776
0.08800000000000001 0.178
0.08800000000000001 0.1788
0.08800000000000001 0.1826
0.08800000000000001 0.186
0.08800000000000001 0.1873
0.08800000000000001 0.191
0.08800000000000001 0.1944
0.08800000000000001 0.1957
0.08800000000000001 0.1985
0.08800000000000001 0.1988
0.08800000000000001 0.1994
0.0885 0.1776
0.0885 0.1788
0.0885 0.1827
0.0885 0.186
0.0885 0.1864
0.0885 0.1874
0.0885 0.1911
0.0885 0.1944
0.0885 0.1958
0.0885 0.1985
0.0885 0.1988
0.0885 0.1995
0.08900000000000001 0.1828
0.08900000000000001 0.186
0.08900000000000001 0.1864
0.08900000000000001 0.1874
0.08900000000000001 0.1912
0.08900000000000001 0.1944
0.08900000000000001 0.1958
0.08900000000000001 0.1985
0.08900000000000001 0.1988
0.08900000000000001 0.1995
0.08950000000000001 0.1777
0.08950000000000001 0.1783
0.08950000000000001 0.179
0.08950000000000001 0.182
0.08950000000000001 0.1828
0.08950000000000001 0.186
0.08950000000000001 0.1875
0.08950000000000001 0.1912
0.08950000000000001 0.1945
0.08950000000000001 0.1949
0.08950000000000001 0.1959
0.08950000000000001 0.1985
0.08950000000000001 0.1988
0.08950000000000001 0.1996
0.09 0.1777
0.09 0.1783
0.09 0.1791
0.09 0.182
0.09 0.1829
0.09 0.1861
0.09 0.1876
0.09 0.1913
0.09 0.1945
0.09 0.1949
0.09 0.196
0.09 0.1985
0.09 0.1997
0.09050000000000001 0.1777
0.09050000000000001 0.1784
0.09050000000000001 0.1791
0.09050000000000001 0.183
0.09050000000000001 0.1861
0.09050000000000001 0.1867
0.09050000000000001 0.1877
0.09050000000000001 0.1914
0.09050000000000001 0.1945
0.09050000000000001 0.1961
0.09050000000000001 0.1985
0.09050000000000001 0.1989
0.09050000000000001 0.1998
0.091 0.1777
0.091 0.1785
0.091 0.1792
0.091 0.1831
0.091 0.1861
0.091 0.1867
0.091 0.1877
0.091 0.1915
0.091 0.1945
0.091 0.1961
0.091 0.1986
0.091 0.1989
0.091 0.1998
0.0915 0.1777
0.0915 0.1786
0.0915 0.1793
0.0915 0.1831
0.0915 0.1868
0.0915 0.1878
0.0915 0.1915
0.0915 0.1945
0.0915 0.1952
0.0915 0.1962
0.0915 0.1986
0.0915 0.1989
0.0915 0.1999
0.09200000000000001 0.1751
0.09200000000000001 0.1778
0.09200000000000001 0.1786
0.09200000000000001 0.1793
0.09200000000000001 0.1821
0.09200000000000001 0.1832
0.09200000000000001 0.1861
0.09200000000000001 0.1879
0.09200000000000001 0.1916
0.09200000000000001 0.1946
0.09200000000000001 0.1952
0.09200000000000001 0.1963
0.09200000000000001 0.1986
0.0925 0.1752
0.0925 0.1778
0.0925 0.1787
0.0925 0.1794
0.0925 0.1821
0.0925 0.1833
0.0925 0.1869
0.0925 0.188
0.0925 0.1916
0.0925 0.1946
0.0925 0.1953
0.0925 0.1964
0.0925 0.1986
0.09300000000000001 0.1752
0.09300000000000001 0.1778
0.09300000000000001 0.1788
0.09300000000000001 0.1795
0.09300000000000001 0.1834
0.09300000000000001 0.187
0.09300000000000001 0.188
0.09300000000000001 0.1917
0.09300000000000001 0.1946
0.09300000000000001 0.1964
0.09300000000000001 0.1986
0.09300000000000001 0.199
0.0935 0.1753
0.0935 0.1778
0.0935 0.1788
0.0935 0.1795
0.0935 0.1834
0.0935 0.1871
0.0935 0.1881
0.0935 0.1903
0.0935 0.1918
0.0935 0.1946
0.0935 0.1965
0.0935 0.1987
0.0935 0.199
0.094 0.1754
0.094 0.1778
0.094 0.1789
0.094 0.1796
0.094 0.1835
0.094 0.1871
0.094 0.1919
0.094 0.1946
0.094 0.1955
0.094 0.1966
0.094 0.1987
0.094 0.199
0.09450000000000001 0.1755
0.09450000000000001 0.1779
0.09450000000000001 0.179
0.09450000000000001 0.1797
0.09450000000000001 0.1836
0.09450000000000001 0.1872
0.09450000000000001 0.1883
0.09450000000000001 0.192
0.09450000000000001 0.1947
0.09450000000000001 0.1956
0.09450000000000001 0.1967
0.09450000000000001 0.1987
0.09450000000000001 0.199
0.095 0.1755
0.095 0.1779
0.095 0.1791
0.095 0.1798
0.095 0.1822
0.095 0.1836
0.095 0.1873
0.095 0.1883
0.095 0.192
0.095 0.1947
0.095 0.1956
0.095 0.1967
0.095 0.1987
0.0955 0.1756
0.0955 0.1779
0.0955 0.1791
0.0955 0.1798
0.0955 0.1837
0.0955 0.1863
0.0955 0.1873
0.0955 0.1884
0.0955 0.1906
0.0955 0.1921
0.0955 0.1947
0.0955 0.1968
0.0955 0.1987
0.0955 0.1991
0.09600000000000002 0.1757
0.09600000000000002 0.1779
0.09600000000000002 0.1792
0.09600000000000002 0.1799
0.09600000000000002 0.1838
0.09600000000000002 0.1874
0.09600000000000002 0.1885
0.09600000000000002 0.1904
0.09600000000000002 0.1922
0.09600000000000002 0.1947
0.09600000000000002 0.1969
0.09600000000000002 0.1988
0.09600000000000002 0.1991
0.0965 0.1758
0.0965 0.1779
0.0965 0.1793
0.0965 0.18
0.0965 0.1839
0.0965 0.1875
0.0965 0.1885
0.0965 0.1923
0.0965 0.1947
0.0965 0.197
0.0965 0.1988
0.0965 0.1991
0.09700000000000002 0.1751
0.09700000000000002 0.1758
0.09700000000000002 0.178
0.09700000000000002 0.1794
0.09700000000000002 0.1801
0.09700000000000002 0.1839
0.09700000000000002 0.1875
0.09700000000000002 0.1886
0.09700000000000002 0.1923
0.09700000000000002 0.1948
0.09700000000000002 0.1959
0.09700000000000002 0.197
0.09700000000000002 0.1988
0.09700000000000002 0.1991
0.0975 0.1752
0.0975 0.1759
0.0975 0.178
0.0975 0.1794
0.0975 0.1801
0.0975 0.1823
0.0975 0.184
0.0975 0.1876
0.0975 0.1887
0.0975 0.1907
0.0975 0.1924
0.0975 0.1948
0.0975 0.196
0.0975 0.1971
0.0975 0.1988
0.0975 0.1991
0.098 0.176
0.098 0.178
0.098 0.1795
0.098 0.1802
0.098 0.1841
0.098 0.1864
0.098 0.1877
0.098 0.1888
0.098 0.1907
0.098 0.1925
0.098 0.1948
0.098 0.1972
0.098 0.1992
0.09850000000000002 0.1753
0.09850000000000002 0.1761
0.09850000000000002 0.178
0.09850000000000002 0.1796
0.09850000000000002 0.1803
0.09850000000000002 0.1842
0.09850000000000002 0.1864
0.09850000000000002 0.1878
0.09850000000000002 0.1925
0.09850000000000002 0.1948
0.09850000000000002 0.1973
0.09850000000000002 0.1989
0.09850000000000002 0.1992
0.099 0.1754
0.099 0.1761
0.099 0.178
0.099 0.1796
0.099 0.1803
0.099 0.1821
0.099 0.1842
0.099 0.1864
0.099 0.1878
0.099 0.1889
0.099 0.1926
0.099 0.1948
0.099 0.1962
0.099 0.1973
0.099 0.1989
0.099 0.1992
0.0995 0.1755
0.0995 0.1762
0.0995 0.1781
0.0995 0.1797
0.0995 0.1804
0.0995 0.1843
0.0995 0.1927
0.0995 0.1949
0.0995 0.1963
0.0995 0.1974
0.0995 0.1989
0.0995 0.1992
