5.0E-4 0.1767
5.0E-4 0.1809
5.0E-4 0.1851
5.0E-4 0.1894
5.0E-4 0.1936
0.001 0.1768
0.001 0.181
0.001 0.1851
0.001 0.1853
0.001 0.1894
0.001 0.1936
0.001 0.1938
0.0015000000000000002 0.1768
0.0015000000000000002 0.181
0.0015000000000000002 0.1851
0.0015000000000000002 0.1853
0.0015000000000000002 0.1894
0.0015000000000000002 0.1935
0.0015000000000000002 0.1937
0.002 0.1769
0.002 0.181
0.002 0.1851
0.002 0.1854
0.002 0.1895
0.002 0.1937
0.002 0.1939
0.002 0.1979
0.0025 0.1769
0.0025 0.1811
0.0025 0.1851
0.0025 0.1855
0.0025 0.1895
0.0025 0.1937
0.0025 0.1939
0.0025 0.1979
0.0025 0.1981
0.0030000000000000005 0.1769
0.0030000000000000005 0.1811
0.0030000000000000005 0.1851
0.0030000000000000005 0.1856
0.0030000000000000005 0.1896
0.0030000000000000005 0.1938
0.0035000000000000005 0.177
0.0035000000000000005 0.1812
0.0035000000000000005 0.1851
0.0035000000000000005 0.1857
0.0035000000000000005 0.1896
0.0035000000000000005 0.1936
0.0035000000000000005 0.1938
0.0035000000000000005 0.194
0.0035000000000000005 0.198
0.004 0.177
0.004 0.1812
0.004 0.1851
0.004 0.1857
0.004 0.1896
0.004 0.1937
0.004 0.1939
0.004 0.1941
0.004 0.1981
0.0045000000000000005 0.1771
0.0045000000000000005 0.1812
0.0045000000000000005 0.1851
0.0045000000000000005 0.1858
0.0045000000000000005 0.1897
0.0045000000000000005 0.1939
0.0045000000000000005 0.1979
0.0045000000000000005 0.1981
0.0045000000000000005 0.1983
0.005 0.1771
0.005 0.1813
0.005 0.1851
0.005 0.1859
0.005 0.1897
0.005 0.1939
0.005 0.1941
0.005 0.1981
0.005 0.1983
0.0055000000000000005 0.1771
0.0055000000000000005 0.1813
0.0055000000000000005 0.1851
0.0055000000000000005 0.186
0.0055000000000000005 0.1898
0.0055000000000000005 0.194
0.0055000000000000005 0.1942
0.006000000000000001 0.1772
0.006000000000000001 0.1814
0.006000000000000001 0.1851
0.006000000000000001 0.186
0.006000000000000001 0.1898
0.006000000000000001 0.1938
0.006000000000000001 0.194
0.006000000000000001 0.1942
0.006000000000000001 0.1982
0.006500000000000001 0.1772
0.006500000000000001 0.1814
0.006500000000000001 0.1851
0.006500000000000001 0.1861
0.006500000000000001 0.1898
0.006500000000000001 0.1941
0.006500000000000001 0.1943
0.006500000000000001 0.1981
0.006500000000000001 0.1983
0.007000000000000001 0.1773
0.007000000000000001 0.1814
0.007000000000000001 0.1851
0.007000000000000001 0.1862
0.007000000000000001 0.1899
0.007000000000000001 0.1941
0.007000000000000001 0.1982
0.0075 0.1773
0.0075 0.1815
0.0075 0.1851
0.0075 0.1863
0.0075 0.1899
0.0075 0.1941
0.0075 0.1943
0.0075 0.1983
0.0075 0.1985
0.008 0.1773
0.008 0.1815
0.008 0.1851
0.008 0.1864
0.008 0.19
0.008 0.194
0.008 0.1942
0.008 0.1944
0.008 0.1984
0.0085 0.1774
0.0085 0.1816
0.0085 0.1851
0.0085 0.1864
0.0085 0.19
0.0085 0.1942
0.0085 0.1944
0.0085 0.1984
0.0085 0.1986
0.009000000000000001 0.1774
0.009000000000000001 0.1816
0.009000000000000001 0.1851
0.009000000000000001 0.1865
0.009000000000000001 0.19
0.009000000000000001 0.1942
0.009000000000000001 0.1945
0.009000000000000001 0.1983
0.009000000000000001 0.1985
0.009500000000000001 0.1775
0.009500000000000001 0.1816
0.009500000000000001 0.1851
0.009500000000000001 0.1866
0.009500000000000001 0.1901
0.009500000000000001 0.1943
0.009500000000000001 0.1984
0.009500000000000001 0.1986
0.01 0.1775
0.01 0.1817
0.01 0.1851
0.01 0.1867
0.01 0.1901
0.01 0.1943
0.01 0.1945
0.01 0.1985
0.01 0.1987
0.0105 0.1775
0.0105 0.1817
0.0105 0.1851
0.0105 0.1868
0.0105 0.1902
0.0105 0.1942
0.0105 0.1944
0.0105 0.1946
0.0105 0.1986
0.011000000000000001 0.1776
0.011000000000000001 0.1818
0.011000000000000001 0.1851
0.011000000000000001 0.1868
0.011000000000000001 0.1902
0.011000000000000001 0.1944
0.011000000000000001 0.1986
0.011000000000000001 0.1988
0.011500000000000002 0.1776
0.011500000000000002 0.1818
0.011500000000000002 0.1851
0.011500000000000002 0.1869
0.011500000000000002 0.1902
0.011500000000000002 0.1944
0.011500000000000002 0.1986
0.011500000000000002 0.1988
0.012000000000000002 0.1777
0.012000000000000002 0.1818
0.012000000000000002 0.1851
0.012000000000000002 0.187
0.012000000000000002 0.1903
0.012000000000000002 0.1943
0.012000000000000002 0.1945
0.012000000000000002 0.1947
0.0125 0.1777
0.0125 0.1819
0.0125 0.1851
0.0125 0.1871
0.0125 0.1903
0.0125 0.1945
0.0125 0.1987
0.0125 0.1989
0.013000000000000001 0.1777
0.013000000000000001 0.1819
0.013000000000000001 0.1851
0.013000000000000001 0.1871
0.013000000000000001 0.1904
0.013000000000000001 0.1944
0.013000000000000001 0.1946
0.013000000000000001 0.1948
0.013000000000000001 0.1988
0.013500000000000002 0.1778
0.013500000000000002 0.182
0.013500000000000002 0.1851
0.013500000000000002 0.1872
0.013500000000000002 0.1904
0.013500000000000002 0.1945
0.013500000000000002 0.1986
0.013500000000000002 0.1988
0.014000000000000002 0.1778
0.014000000000000002 0.182
0.014000000000000002 0.1851
0.014000000000000002 0.1873
0.014000000000000002 0.1904
0.014000000000000002 0.1946
0.014000000000000002 0.1988
0.014000000000000002 0.199
0.014500000000000002 0.1779
0.014500000000000002 0.182
0.014500000000000002 0.1851
0.014500000000000002 0.1874
0.014500000000000002 0.1905
0.014500000000000002 0.1945
0.014500000000000002 0.1947
0.014500000000000002 0.1949
0.015 0.1779
0.015 0.1821
0.015 0.1851
0.015 0.1875
0.015 0.1905
0.015 0.1946
0.015 0.1948
0.015 0.1989
0.015 0.1991
0.0155 0.1779
0.0155 0.1821
0.0155 0.1851
0.0155 0.1875
0.0155 0.1906
0.0155 0.1947
0.0155 0.1988
0.0155 0.199
0.016 0.178
0.016 0.1821
0.016 0.1851
0.016 0.1876
0.016 0.1906
0.016 0.1948
0.016 0.1989
0.016 0.1991
0.0165 0.178
0.0165 0.1822
0.0165 0.1851
0.0165 0.1877
0.0165 0.1906
0.0165 0.1948
0.0165 0.199
0.0165 0.1992
0.017 0.178
0.017 0.1822
0.017 0.1851
0.017 0.1878
0.017 0.1907
0.017 0.1949
0.017 0.1991
0.0175 0.1781
0.0175 0.1823
0.0175 0.1851
0.0175 0.1878
0.0175 0.1907
0.0175 0.1948
0.0175 0.1991
0.0175 0.1993
0.018000000000000002 0.1781
0.018000000000000002 0.1823
0.018000000000000002 0.1851
0.018000000000000002 0.1879
0.018000000000000002 0.1908
0.018000000000000002 0.1949
0.018000000000000002 0.199
0.018000000000000002 0.1992
0.018500000000000003 0.1782
0.018500000000000003 0.1823
0.018500000000000003 0.1851
0.018500000000000003 0.188
0.018500000000000003 0.1908
0.018500000000000003 0.195
0.018500000000000003 0.1991
0.018500000000000003 0.1993
0.019000000000000003 0.1782
0.019000000000000003 0.1824
0.019000000000000003 0.1851
0.019000000000000003 0.1881
0.019000000000000003 0.1908
0.019000000000000003 0.195
0.019000000000000003 0.1953
0.019000000000000003 0.1992
0.019000000000000003 0.1994
0.019500000000000003 0.1782
0.019500000000000003 0.1824
0.019500000000000003 0.1851
0.019500000000000003 0.1882
0.019500000000000003 0.1909
0.019500000000000003 0.195
0.019500000000000003 0.1993
0.02 0.1783
0.02 0.1825
0.02 0.1851
0.02 0.1882
0.02 0.1909
0.02 0.1951
0.02 0.1993
0.020500000000000004 0.1783
0.020500000000000004 0.1825
0.020500000000000004 0.1851
0.020500000000000004 0.1883
0.020500000000000004 0.191
0.020500000000000004 0.1951
0.021 0.1784
0.021 0.1825
0.021 0.1851
0.021 0.1884
0.021 0.191
0.021 0.1952
0.021 0.1955
0.021 0.1993
0.021 0.1995
0.0215 0.1784
0.0215 0.1826
0.0215 0.1851
0.0215 0.1885
0.0215 0.191
0.0215 0.1952
0.0215 0.1955
0.0215 0.1994
0.0215 0.1996
0.022000000000000002 0.1784
0.022000000000000002 0.1826
0.022000000000000002 0.1851
0.022000000000000002 0.1885
0.022000000000000002 0.1911
0.022000000000000002 0.1952
0.022000000000000002 0.1995
0.0225 0.1785
0.0225 0.1827
0.0225 0.1851
0.0225 0.1886
0.0225 0.1911
0.0225 0.1953
0.0225 0.1956
0.0225 0.1994
0.0225 0.1996
0.023000000000000003 0.1785
0.023000000000000003 0.1827
0.023000000000000003 0.1851
0.023000000000000003 0.1887
0.023000000000000003 0.1912
0.023000000000000003 0.1953
0.023000000000000003 0.1995
0.023000000000000003 0.1997
0.0235 0.1786
0.0235 0.1827
0.0235 0.1851
0.0235 0.1888
0.0235 0.1912
0.0235 0.1954
0.0235 0.1996
0.0235 0.1998
0.024000000000000004 0.1786
0.024000000000000004 0.1828
0.024000000000000004 0.1851
0.024000000000000004 0.1889
0.024000000000000004 0.1912
0.024000000000000004 0.1954
0.024000000000000004 0.1996
0.024000000000000004 0.1998
0.0245 0.1786
0.0245 0.1828
0.0245 0.1851
0.0245 0.1889
0.0245 0.1913
0.0245 0.1954
0.0245 0.1997
0.025 0.1787
0.025 0.1829
0.025 0.1851
0.025 0.189
0.025 0.1913
0.025 0.1955
0.025 0.1996
0.025 0.1998
0.025500000000000002 0.1787
0.025500000000000002 0.1829
0.025500000000000002 0.1851
0.025500000000000002 0.1891
0.025500000000000002 0.1914
0.025500000000000002 0.1955
0.025500000000000002 0.1997
0.025500000000000002 0.1999
0.026000000000000002 0.1788
0.026000000000000002 0.1829
0.026000000000000002 0.1852
0.026000000000000002 0.1892
0.026000000000000002 0.1914
0.026000000000000002 0.1955
0.026000000000000002 0.1998
0.026500000000000003 0.1788
0.026500000000000003 0.183
0.026500000000000003 0.1852
0.026500000000000003 0.1892
0.026500000000000003 0.1914
0.026500000000000003 0.1956
0.026500000000000003 0.1997
0.026500000000000003 0.1999
0.027000000000000003 0.1788
0.027000000000000003 0.183
0.027000000000000003 0.1852
0.027000000000000003 0.1893
0.027000000000000003 0.1915
0.027000000000000003 0.1956
0.027000000000000003 0.1999
0.0275 0.1789
0.0275 0.183
0.0275 0.1852
0.0275 0.1894
0.0275 0.1915
0.0275 0.1957
0.0275 0.1998
0.028000000000000004 0.1789
0.028000000000000004 0.1831
0.028000000000000004 0.1852
0.028000000000000004 0.1895
0.028000000000000004 0.1916
0.028000000000000004 0.1957
0.028000000000000004 0.1999
0.0285 0.179
0.0285 0.1831
0.0285 0.1852
0.0285 0.1895
0.0285 0.1916
0.0285 0.1957
0.029000000000000005 0.179
0.029000000000000005 0.1832
0.029000000000000005 0.1852
0.029000000000000005 0.1896
0.029000000000000005 0.1916
0.029000000000000005 0.1958
0.029000000000000005 0.1999
0.029500000000000002 0.179
0.029500000000000002 0.1832
0.029500000000000002 0.1852
0.029500000000000002 0.1897
0.029500000000000002 0.1917
0.029500000000000002 0.1958
0.03 0.1791
0.03 0.1832
0.03 0.1852
0.03 0.1898
0.03 0.1917
0.03 0.1959
0.030500000000000003 0.1791
0.030500000000000003 0.1833
0.030500000000000003 0.1852
0.030500000000000003 0.1899
0.030500000000000003 0.1918
0.030500000000000003 0.1959
0.031 0.1792
0.031 0.1833
0.031 0.1852
0.031 0.1899
0.031 0.1918
0.031 0.1959
0.0315 0.1792
0.0315 0.1834
0.0315 0.1852
0.0315 0.19
0.0315 0.1919
0.0315 0.196
0.032 0.1792
0.032 0.1834
0.032 0.1852
0.032 0.1901
0.032 0.1919
0.032 0.196
0.0325 0.1793
0.0325 0.1834
0.0325 0.1852
0.0325 0.1902
0.0325 0.1919
0.0325 0.1961
0.033 0.1751
0.033 0.1793
0.033 0.1835
0.033 0.1852
0.033 0.1902
0.033 0.192
0.033 0.1961
0.0335 0.1751
0.0335 0.1794
0.0335 0.1835
0.0335 0.1852
0.0335 0.1903
0.0335 0.192
0.0335 0.1962
0.034 0.1752
0.034 0.1794
0.034 0.1835
0.034 0.1852
0.034 0.1904
0.034 0.1921
0.034 0.1962
0.0345 0.1753
0.0345 0.1794
0.0345 0.1836
0.0345 0.1852
0.0345 0.1905
0.0345 0.1921
0.0345 0.1962
0.035 0.1753
0.035 0.1795
0.035 0.1836
0.035 0.1852
0.035 0.1905
0.035 0.1921
0.035 0.1963
0.035500000000000004 0.1754
0.035500000000000004 0.1795
0.035500000000000004 0.1836
0.035500000000000004 0.1852
0.035500000000000004 0.1906
0.035500000000000004 0.1922
0.035500000000000004 0.1963
0.036000000000000004 0.1754
0.036000000000000004 0.1796
0.036000000000000004 0.1837
0.036000000000000004 0.1852
0.036000000000000004 0.1907
0.036000000000000004 0.1922
0.036000000000000004 0.1964
0.036500000000000005 0.1751
0.036500000000000005 0.1754
0.036500000000000005 0.1796
0.036500000000000005 0.1837
0.036500000000000005 0.1841
0.036500000000000005 0.1852
0.036500000000000005 0.1908
0.036500000000000005 0.1923
0.036500000000000005 0.1964
0.037000000000000005 0.1755
0.037000000000000005 0.1796
0.037000000000000005 0.1838
0.037000000000000005 0.1852
0.037000000000000005 0.1908
0.037000000000000005 0.1923
0.037000000000000005 0.1964
0.0375 0.1755
0.0375 0.1797
0.0375 0.1838
0.0375 0.1852
0.0375 0.1909
0.0375 0.1924
0.0375 0.1965
0.038000000000000006 0.1755
0.038000000000000006 0.1797
0.038000000000000006 0.1838
0.038000000000000006 0.1852
0.038000000000000006 0.191
0.038000000000000006 0.1924
0.038000000000000006 0.1965
0.0385 0.1756
0.0385 0.1798
0.0385 0.1839
0.0385 0.1852
0.0385 0.1911
0.0385 0.1924
0.0385 0.1965
0.03900000000000001 0.1756
0.03900000000000001 0.1798
0.03900000000000001 0.1839
0.03900000000000001 0.1852
0.03900000000000001 0.1911
0.03900000000000001 0.1925
0.03900000000000001 0.1966
0.0395 0.1756
0.0395 0.1798
0.0395 0.1839
0.0395 0.1852
0.0395 0.1912
0.0395 0.1925
0.0395 0.1966
0.04 0.1755
0.04 0.1757
0.04 0.1799
0.04 0.184
0.04 0.1852
0.04 0.1913
0.04 0.1926
0.04 0.1967
0.0405 0.1755
0.0405 0.1757
0.0405 0.1799
0.0405 0.184
0.0405 0.1852
0.0405 0.1914
0.0405 0.1926
0.0405 0.1967
0.04100000000000001 0.1754
0.04100000000000001 0.1757
0.04100000000000001 0.1799
0.04100000000000001 0.184
0.04100000000000001 0.1852
0.04100000000000001 0.1914
0.04100000000000001 0.1927
0.04100000000000001 0.1967
0.0415 0.1758
0.0415 0.18
0.0415 0.1841
0.0415 0.1852
0.0415 0.1915
0.0415 0.1927
0.0415 0.1968
0.042 0.1755
0.042 0.1758
0.042 0.176
0.042 0.18
0.042 0.1841
0.042 0.1853
0.042 0.1916
0.042 0.1928
0.042 0.1968
0.0425 0.1758
0.0425 0.1801
0.0425 0.1841
0.0425 0.1853
0.0425 0.1916
0.0425 0.1928
0.0425 0.1969
0.043 0.1759
0.043 0.1801
0.043 0.1842
0.043 0.1853
0.043 0.1917
0.043 0.1928
0.043 0.1969
0.043500000000000004 0.1756
0.043500000000000004 0.1759
0.043500000000000004 0.1801
0.043500000000000004 0.1842
0.043500000000000004 0.1853
0.043500000000000004 0.1918
0.043500000000000004 0.1929
0.043500000000000004 0.1969
0.044000000000000004 0.1757
0.044000000000000004 0.1759
0.044000000000000004 0.1802
0.044000000000000004 0.1842
0.044000000000000004 0.1853
0.044000000000000004 0.1919
0.044000000000000004 0.1929
0.044000000000000004 0.197
0.044500000000000005 0.1761
0.044500000000000005 0.1802
0.044500000000000005 0.1843
0.044500000000000005 0.1845
0.044500000000000005 0.1853
0.044500000000000005 0.1919
0.044500000000000005 0.1927
0.044500000000000005 0.193
0.044500000000000005 0.197
0.045 0.1761
0.045 0.1803
0.045 0.1843
0.045 0.1853
0.045 0.192
0.045 0.1926
0.045 0.193
0.045 0.1971
0.0455 0.1761
0.0455 0.1803
0.0455 0.1843
0.0455 0.1846
0.0455 0.1853
0.0455 0.1921
0.0455 0.1928
0.0455 0.1931
0.0455 0.1971
0.0455 0.1974
0.046000000000000006 0.176
0.046000000000000006 0.1762
0.046000000000000006 0.1803
0.046000000000000006 0.1843
0.046000000000000006 0.1846
0.046000000000000006 0.1853
0.046000000000000006 0.1921
0.046000000000000006 0.1931
0.046000000000000006 0.1971
0.04650000000000001 0.176
0.04650000000000001 0.1762
0.04650000000000001 0.1804
0.04650000000000001 0.1844
0.04650000000000001 0.1853
0.04650000000000001 0.1922
0.04650000000000001 0.1929
0.04650000000000001 0.1932
0.04650000000000001 0.1972
0.047 0.1762
0.047 0.1804
0.047 0.1844
0.047 0.1853
0.047 0.1923
0.047 0.1932
0.047 0.1972
0.0475 0.1763
0.0475 0.1805
0.0475 0.1844
0.0475 0.1847
0.0475 0.1853
0.0475 0.1923
0.0475 0.1933
0.0475 0.1973
0.04800000000000001 0.1763
0.04800000000000001 0.1805
0.04800000000000001 0.1845
0.04800000000000001 0.1854
0.04800000000000001 0.1924
0.04800000000000001 0.1933
0.04800000000000001 0.1973
0.04850000000000001 0.176
0.04850000000000001 0.1763
0.04850000000000001 0.1805
0.04850000000000001 0.1845
0.04850000000000001 0.1848
0.04850000000000001 0.1854
0.04850000000000001 0.1925
0.04850000000000001 0.1934
0.04850000000000001 0.1973
0.049 0.1761
0.049 0.1763
0.049 0.1806
0.049 0.1845
0.049 0.1848
0.049 0.1854
0.049 0.1925
0.049 0.1931
0.049 0.1934
0.049 0.1974
0.0495 0.1763
0.0495 0.1765
0.0495 0.1806
0.0495 0.1845
0.0495 0.1849
0.0495 0.1854
0.0495 0.1926
0.0495 0.1935
0.0495 0.1974
0.05 0.1763
0.05 0.1765
0.05 0.1807
0.05 0.1846
0.05 0.1849
0.05 0.1854
0.05 0.1927
0.05 0.1932
0.05 0.1935
0.05 0.1975
0.05050000000000001 0.1763
0.05050000000000001 0.1765
0.05050000000000001 0.1807
0.05050000000000001 0.1846
0.05050000000000001 0.1849
0.05050000000000001 0.1854
0.05050000000000001 0.1927
0.05050000000000001 0.1936
0.05050000000000001 0.1975
0.051000000000000004 0.1765
0.051000000000000004 0.1807
0.051000000000000004 0.1846
0.051000000000000004 0.1854
0.051000000000000004 0.1928
0.051000000000000004 0.1933
0.051000000000000004 0.1936
0.051000000000000004 0.1975
0.051500000000000004 0.1763
0.051500000000000004 0.1765
0.051500000000000004 0.1808
0.051500000000000004 0.1846
0.051500000000000004 0.1855
0.051500000000000004 0.1929
0.051500000000000004 0.1934
0.051500000000000004 0.1937
0.051500000000000004 0.1976
0.052000000000000005 0.1767
0.052000000000000005 0.1808
0.052000000000000005 0.1847
0.052000000000000005 0.185
0.052000000000000005 0.1855
0.052000000000000005 0.1929
0.052000000000000005 0.1938
0.052000000000000005 0.1976
0.0525 0.1767
0.0525 0.1809
0.0525 0.1847
0.0525 0.1851
0.0525 0.1855
0.0525 0.193
0.0525 0.1934
0.0525 0.1938
0.0525 0.1977
0.053000000000000005 0.1765
0.053000000000000005 0.1767
0.053000000000000005 0.1809
0.053000000000000005 0.1847
0.053000000000000005 0.1855
0.053000000000000005 0.193
0.053000000000000005 0.1939
0.053000000000000005 0.1977
0.053500000000000006 0.1767
0.053500000000000006 0.1809
0.053500000000000006 0.1847
0.053500000000000006 0.1852
0.053500000000000006 0.1855
0.053500000000000006 0.1931
0.053500000000000006 0.1935
0.053500000000000006 0.1939
0.053500000000000006 0.1977
0.054000000000000006 0.1765
0.054000000000000006 0.1767
0.054000000000000006 0.181
0.054000000000000006 0.1847
0.054000000000000006 0.1852
0.054000000000000006 0.1856
0.054000000000000006 0.1932
0.054000000000000006 0.1936
0.054000000000000006 0.194
0.054000000000000006 0.1978
0.0545 0.1769
0.0545 0.181
0.0545 0.1847
0.0545 0.1856
0.0545 0.1932
0.0545 0.1941
0.0545 0.1978
0.055 0.1767
0.055 0.1769
0.055 0.1811
0.055 0.1848
0.055 0.1853
0.055 0.1856
0.055 0.1933
0.055 0.1941
0.055 0.1978
0.05550000000000001 0.1767
0.05550000000000001 0.1769
0.05550000000000001 0.1811
0.05550000000000001 0.1848
0.05550000000000001 0.1856
0.05550000000000001 0.1933
0.05550000000000001 0.1942
0.05550000000000001 0.1979
0.05600000000000001 0.1766
0.05600000000000001 0.1769
0.05600000000000001 0.1811
0.05600000000000001 0.1848
0.05600000000000001 0.1857
0.05600000000000001 0.1934
0.05600000000000001 0.1937
0.05600000000000001 0.1942
0.05600000000000001 0.1979
0.0565 0.177
0.0565 0.1812
0.0565 0.1848
0.0565 0.1854
0.0565 0.1857
0.0565 0.1934
0.0565 0.1938
0.0565 0.1943
0.0565 0.198
0.057 0.177
0.057 0.1812
0.057 0.1848
0.057 0.1857
0.057 0.1935
0.057 0.1938
0.057 0.1944
0.057 0.198
0.057 0.1983
0.0575 0.177
0.0575 0.1812
0.0575 0.1848
0.0575 0.1935
0.0575 0.1944
0.0575 0.198
0.05800000000000001 0.1768
0.05800000000000001 0.1771
0.05800000000000001 0.1813
0.05800000000000001 0.1848
0.05800000000000001 0.1855
0.05800000000000001 0.1858
0.05800000000000001 0.1936
0.05800000000000001 0.1939
0.05800000000000001 0.1945
0.05800000000000001 0.1981
0.0585 0.1772
0.0585 0.1813
0.0585 0.1848
0.0585 0.1858
0.0585 0.1936
0.0585 0.1946
0.0585 0.1981
0.059000000000000004 0.1772
0.059000000000000004 0.1814
0.059000000000000004 0.1849
0.059000000000000004 0.1858
0.059000000000000004 0.1937
0.059000000000000004 0.1946
0.059000000000000004 0.1982
0.059500000000000004 0.1772
0.059500000000000004 0.1814
0.059500000000000004 0.1849
0.059500000000000004 0.1859
0.059500000000000004 0.1937
0.059500000000000004 0.1947
0.059500000000000004 0.1982
0.06 0.1773
0.06 0.1814
0.06 0.1849
0.06 0.1859
0.06 0.1938
0.06 0.1948
0.06 0.1982
0.060500000000000005 0.1773
0.060500000000000005 0.1815
0.060500000000000005 0.1849
0.060500000000000005 0.1859
0.060500000000000005 0.1938
0.060500000000000005 0.1948
0.060500000000000005 0.1983
0.061000000000000006 0.1773
0.061000000000000006 0.1815
0.061000000000000006 0.1849
0.061000000000000006 0.186
0.061000000000000006 0.1939
0.061000000000000006 0.1949
0.061000000000000006 0.1983
0.061500000000000006 0.1774
0.061500000000000006 0.1816
0.061500000000000006 0.1849
0.061500000000000006 0.186
0.061500000000000006 0.1939
0.061500000000000006 0.1942
0.061500000000000006 0.195
0.061500000000000006 0.1984
0.062 0.1774
0.062 0.1816
0.062 0.1849
0.062 0.186
0.062 0.194
0.062 0.1951
0.062 0.1984
0.0625 0.1774
0.0625 0.1816
0.0625 0.1849
0.0625 0.1861
0.0625 0.194
0.0625 0.1951
0.0625 0.1984
0.063 0.1772
0.063 0.1775
0.063 0.1817
0.063 0.1849
0.063 0.1861
0.063 0.1952
0.063 0.1985
0.0635 0.1775
0.0635 0.1817
0.0635 0.1849
0.0635 0.1861
0.0635 0.1941
0.0635 0.1953
0.0635 0.1985
0.064 0.1775
0.064 0.1818
0.064 0.1849
0.064 0.1862
0.064 0.1941
0.064 0.1944
0.064 0.1953
0.064 0.1985
0.0645 0.1776
0.0645 0.1818
0.0645 0.1849
0.0645 0.1862
0.0645 0.1942
0.0645 0.1954
0.0645 0.1986
0.065 0.1777
0.065 0.1818
0.065 0.1849
0.065 0.1862
0.065 0.1942
0.065 0.1945
0.065 0.1955
0.065 0.1986
0.0655 0.1777
0.0655 0.1819
0.0655 0.1849
0.0655 0.1863
0.0655 0.1943
0.0655 0.1956
0.0655 0.1987
0.066 0.1777
0.066 0.1819
0.066 0.1849
0.066 0.1863
0.066 0.1943
0.066 0.1956
0.066 0.1987
0.0665 0.1778
0.0665 0.182
0.0665 0.1849
0.0665 0.1863
0.0665 0.1944
0.0665 0.1957
0.0665 0.1988
0.067 0.1778
0.067 0.182
0.067 0.1849
0.067 0.1864
0.067 0.1944
0.067 0.1958
0.067 0.1988
0.0675 0.1779
0.0675 0.182
0.0675 0.185
0.0675 0.1864
0.0675 0.1945
0.0675 0.1959
0.0675 0.1988
0.068 0.1779
0.068 0.1821
0.068 0.185
0.068 0.1864
0.068 0.1945
0.068 0.1959
0.068 0.1989
0.0685 0.1779
0.0685 0.1821
0.0685 0.185
0.0685 0.1865
0.0685 0.1945
0.0685 0.196
0.0685 0.1989
0.069 0.178
0.069 0.1822
0.069 0.185
0.069 0.1865
0.069 0.1946
0.069 0.1961
0.069 0.1989
0.0695 0.178
0.0695 0.1822
0.0695 0.185
0.0695 0.1866
0.0695 0.1946
0.0695 0.1962
0.0695 0.199
0.07 0.178
0.07 0.1822
0.07 0.185
0.07 0.1866
0.07 0.1947
0.07 0.1962
0.07 0.199
0.07050000000000001 0.1781
0.07050000000000001 0.1823
0.07050000000000001 0.185
0.07050000000000001 0.1866
0.07050000000000001 0.1947
0.07050000000000001 0.1963
0.07050000000000001 0.1991
0.07100000000000001 0.1778
0.07100000000000001 0.1781
0.07100000000000001 0.1823
0.07100000000000001 0.185
0.07100000000000001 0.1867
0.07100000000000001 0.1948
0.07100000000000001 0.1964
0.07100000000000001 0.1991
0.07100000000000001 0.1994
0.07150000000000001 0.1782
0.07150000000000001 0.1823
0.07150000000000001 0.185
0.07150000000000001 0.1867
0.07150000000000001 0.1948
0.07150000000000001 0.1965
0.07150000000000001 0.1991
0.07200000000000001 0.1782
0.07200000000000001 0.1824
0.07200000000000001 0.185
0.07200000000000001 0.1867
0.07200000000000001 0.1949
0.07200000000000001 0.1965
0.07200000000000001 0.1992
0.0725 0.1782
0.0725 0.1824
0.0725 0.185
0.0725 0.1868
0.0725 0.1949
0.0725 0.1966
0.0725 0.1992
0.07300000000000001 0.1783
0.07300000000000001 0.1825
0.07300000000000001 0.185
0.07300000000000001 0.1868
0.07300000000000001 0.1949
0.07300000000000001 0.1967
0.07300000000000001 0.1993
0.07350000000000001 0.1783
0.07350000000000001 0.1825
0.07350000000000001 0.185
0.07350000000000001 0.1869
0.07350000000000001 0.195
0.07350000000000001 0.1967
0.07350000000000001 0.1993
0.07400000000000001 0.1783
0.07400000000000001 0.1825
0.07400000000000001 0.185
0.07400000000000001 0.1869
0.07400000000000001 0.195
0.07400000000000001 0.1968
0.07400000000000001 0.1993
0.0745 0.1784
0.0745 0.1826
0.0745 0.185
0.0745 0.1869
0.0745 0.1951
0.0745 0.1969
0.0745 0.1994
0.075 0.1781
0.075 0.1784
0.075 0.1826
0.075 0.185
0.075 0.187
0.075 0.1951
0.075 0.197
0.075 0.1994
0.07550000000000001 0.1785
0.07550000000000001 0.1827
0.07550000000000001 0.185
0.07550000000000001 0.187
0.07550000000000001 0.1952
0.07550000000000001 0.1971
0.07550000000000001 0.1995
0.07600000000000001 0.1785
0.07600000000000001 0.1827
0.07600000000000001 0.185
0.07600000000000001 0.187
0.07600000000000001 0.1952
0.07600000000000001 0.1971
0.07600000000000001 0.1995
0.0765 0.1785
0.0765 0.1827
0.0765 0.185
0.0765 0.1871
0.0765 0.1953
0.0765 0.1972
0.0765 0.1995
0.077 0.1786
0.077 0.1828
0.077 0.185
0.077 0.1871
0.077 0.1953
0.077 0.1973
0.077 0.1996
0.0775 0.1783
0.0775 0.1786
0.0775 0.1828
0.0775 0.185
0.0775 0.1869
0.0775 0.1872
0.0775 0.1954
0.0775 0.1974
0.0775 0.1996
0.07800000000000001 0.1786
0.07800000000000001 0.1829
0.07800000000000001 0.185
0.07800000000000001 0.1872
0.07800000000000001 0.1954
0.07800000000000001 0.1974
0.07800000000000001 0.1997
0.0785 0.1787
0.0785 0.1829
0.0785 0.185
0.0785 0.1872
0.0785 0.1954
0.0785 0.1975
0.0785 0.1997
0.079 0.1784
0.079 0.1787
0.079 0.1829
0.079 0.185
0.079 0.187
0.079 0.1873
0.079 0.1955
0.079 0.1976
0.079 0.1997
0.0795 0.1788
0.0795 0.183
0.0795 0.185
0.0795 0.1873
0.0795 0.1955
0.0795 0.1977
0.0795 0.1998
0.08 0.1788
0.08 0.183
0.08 0.185
0.08 0.1873
0.08 0.1956
0.08 0.1977
0.08 0.1998
0.0805 0.1788
0.0805 0.1831
0.0805 0.185
0.0805 0.1874
0.0805 0.1956
0.0805 0.1978
0.0805 0.1999
0.081 0.1789
0.081 0.1831
0.081 0.185
0.081 0.1874
0.081 0.1957
0.081 0.1979
0.081 0.1999
0.0815 0.1789
0.0815 0.1831
0.0815 0.185
0.0815 0.1872
0.0815 0.1875
0.0815 0.1957
0.0815 0.198
0.0815 0.1999
0.08200000000000002 0.179
0.08200000000000002 0.1832
0.08200000000000002 0.185
0.08200000000000002 0.1875
0.08200000000000002 0.1958
0.08200000000000002 0.198
0.0825 0.179
0.0825 0.1832
0.0825 0.185
0.0825 0.1875
0.0825 0.1958
0.0825 0.1981
0.083 0.1791
0.083 0.1832
0.083 0.185
0.083 0.1876
0.083 0.1958
0.083 0.1982
0.08349999999999999 0.1791
0.08349999999999999 0.1833
0.08349999999999999 0.185
0.08349999999999999 0.1876
0.08349999999999999 0.1959
0.08349999999999999 0.1983
0.084 0.1791
0.084 0.1833
0.084 0.185
0.084 0.1876
0.084 0.1957
0.084 0.1959
0.084 0.1983
0.0845 0.1792
0.0845 0.1834
0.0845 0.185
0.0845 0.1877
0.0845 0.196
0.0845 0.1984
0.085 0.1792
0.085 0.1834
0.085 0.185
0.085 0.1877
0.085 0.1958
0.085 0.196
0.085 0.1985
0.0855 0.1793
0.0855 0.1834
0.0855 0.185
0.0855 0.1878
0.0855 0.1961
0.0855 0.1986
0.086 0.1793
0.086 0.1835
0.086 0.185
0.086 0.1878
0.086 0.1959
0.086 0.1961
0.086 0.1986
0.08650000000000001 0.1793
0.08650000000000001 0.1835
0.08650000000000001 0.185
0.08650000000000001 0.1878
0.08650000000000001 0.1959
0.08650000000000001 0.1961
0.08650000000000001 0.1987
0.08700000000000001 0.1794
0.08700000000000001 0.1836
0.08700000000000001 0.185
0.08700000000000001 0.1879
0.08700000000000001 0.196
0.08700000000000001 0.1962
0.08700000000000001 0.1988
0.0875 0.1794
0.0875 0.1836
0.0875 0.185
0.0875 0.1879
0.0875 0.196
0.0875 0.1962
0.0875 0.1989
0.08800000000000001 0.1751
0.08800000000000001 0.1795
0.08800000000000001 0.1836
0.08800000000000001 0.185
0.08800000000000001 0.188
0.08800000000000001 0.1961
0.08800000000000001 0.1963
0.08800000000000001 0.1989
0.0885 0.1795
0.0885 0.1837
0.0885 0.185
0.0885 0.188
0.0885 0.1961
0.0885 0.1963
0.0885 0.199
0.08900000000000001 0.1795
0.08900000000000001 0.1837
0.08900000000000001 0.185
0.08900000000000001 0.188
0.08900000000000001 0.1963
0.08900000000000001 0.1991
0.08950000000000001 0.1796
0.08950000000000001 0.1838
0.08950000000000001 0.185
0.08950000000000001 0.1881
0.08950000000000001 0.1962
0.08950000000000001 0.1964
0.08950000000000001 0.1992
0.09 0.1796
0.09 0.1838
0.09 0.185
0.09 0.1881
0.09 0.1962
0.09 0.1964
0.09 0.1993
0.09050000000000001 0.1797
0.09050000000000001 0.1838
0.09050000000000001 0.185
0.09050000000000001 0.1881
0.09050000000000001 0.1963
0.09050000000000001 0.1965
0.09050000000000001 0.1993
0.091 0.1797
0.091 0.1839
0.091 0.185
0.091 0.1882
0.091 0.1963
0.091 0.1965
0.091 0.1994
0.0915 0.1797
0.0915 0.1839
0.0915 0.185
0.0915 0.1882
0.0915 0.1964
0.0915 0.1995
0.09200000000000001 0.1798
0.09200000000000001 0.184
0.09200000000000001 0.185
0.09200000000000001 0.1883
0.09200000000000001 0.1964
0.09200000000000001 0.1966
0.09200000000000001 0.1996
0.0925 0.1798
0.0925 0.184
0.0925 0.185
0.0925 0.1883
0.0925 0.1965
0.0925 0.1996
0.09300000000000001 0.1799
0.09300000000000001 0.184
0.09300000000000001 0.185
0.09300000000000001 0.1883
0.09300000000000001 0.1965
0.09300000000000001 0.1997
0.0935 0.1799
0.0935 0.1841
0.0935 0.185
0.0935 0.1884
0.0935 0.1965
0.0935 0.1998
0.094 0.1799
0.094 0.1841
0.094 0.185
0.094 0.1884
0.094 0.1966
0.094 0.1999
0.09450000000000001 0.18
0.09450000000000001 0.1841
0.09450000000000001 0.185
0.09450000000000001 0.1884
0.09450000000000001 0.1966
0.09450000000000001 0.1999
0.095 0.18
0.095 0.1842
0.095 0.185
0.095 0.1885
0.095 0.1967
0.0955 0.18
0.0955 0.1842
0.0955 0.185
0.0955 0.1885
0.0955 0.1967
0.09600000000000002 0.1801
0.09600000000000002 0.1843
0.09600000000000002 0.185
0.09600000000000002 0.1886
0.09600000000000002 0.1968
0.0965 0.1801
0.0965 0.1843
0.0965 0.185
0.0965 0.1886
0.0965 0.1968
0.09700000000000002 0.1802
0.09700000000000002 0.1843
0.09700000000000002 0.185
0.09700000000000002 0.1886
0.09700000000000002 0.1968
0.0975 0.1802
0.0975 0.1844
0.0975 0.185
0.0975 0.1887
0.0975 0.1969
0.098 0.1802
0.098 0.1844
0.098 0.185
0.098 0.1887
0.098 0.1969
0.09850000000000002 0.1803
0.09850000000000002 0.1845
0.09850000000000002 0.185
0.09850000000000002 0.1888
0.09850000000000002 0.197
0.099 0.1803
0.099 0.1845
0.099 0.185
0.099 0.1888
0.099 0.197
0.0995 0.1804
0.0995 0.1845
0.0995 0.185
0.0995 0.1888
0.0995 0.197
