0.01 0.15328
0.01 0.15488
0.01 0.17144
0.01 0.17164
0.01 0.1718
0.01 0.17212
0.01 0.17232
0.01 0.17436
0.01 0.17452
0.01 0.17464
0.01 0.1748
0.01 0.1774
0.01 0.17748
0.01 0.21212
0.01 0.21464
0.01 0.2148
0.21000000000000002 0.1722
0.21000000000000002 0.17432
0.21000000000000002 0.21488
0.21000000000000002 0.21504
0.41000000000000003 0.17284
0.41000000000000003 0.173
0.41000000000000003 0.17308
0.41000000000000003 0.1732
0.41000000000000003 0.17336
0.41000000000000003 0.19028
0.41000000000000003 0.21216
0.41000000000000003 0.21224
0.41000000000000003 0.21336
0.61 0.17184
0.61 0.17192
0.61 0.20844
0.61 0.20872
0.61 0.209
0.61 0.20916
0.61 0.20976
0.81 0.17172
0.81 0.17216
0.81 0.17228
0.81 0.17272
0.81 0.17296
0.81 0.17304
0.81 0.17328
0.81 0.17352
0.81 0.20952
0.81 0.21044
0.81 0.21172
0.81 0.21352
1.01 0.17148
1.01 0.17168
1.01 0.17228
1.01 0.1724
1.01 0.17284
1.01 0.17312
1.01 0.17324
1.01 0.17332
1.01 0.18912
1.01 0.1922
1.01 0.21072
1.01 0.21088
1.01 0.211
1.01 0.2114
1.01 0.2116
1.01 0.2118
1.01 0.21232
1.01 0.2124
1.01 0.21324
1.01 0.21332
1.01 0.21352
1.21 0.17192
1.21 0.1722
1.21 0.17244
1.21 0.21476
1.21 0.21556
1.41 0.1722
1.61 0.20616
1.61 0.20636
1.61 0.20668
1.61 0.20704
1.81 0.17168
1.81 0.1718
2.01 0.17188
2.21 0.17132
2.21 0.19792
2.4099999999999997 0.17144
2.4099999999999997 0.1716
2.4099999999999997 0.20116
2.61 0.17116
2.8099999999999996 0.17136
3.01 0.17132
3.01 0.1714
3.21 0.17136
3.4099999999999997 0.17128
3.61 0.17112
3.8099999999999996 0.17072
4.01 0.17096
4.21 0.171
4.41 0.17084
4.609999999999999 0.17068
4.81 0.1708
5.01 0.1708
5.21 0.1708
5.41 0.17068
5.609999999999999 0.17052
5.609999999999999 0.18544
5.609999999999999 0.18596
5.609999999999999 0.18636
5.81 0.1706
6.01 0.17044
6.21 0.17044
6.21 0.18496
6.41 0.17028
6.609999999999999 0.17048
6.609999999999999 0.17056
6.609999999999999 0.1844
6.609999999999999 0.185
6.81 0.17024
6.81 0.17728
7.01 0.1702
7.01 0.17852
7.21 0.17016
7.21 0.1782
7.41 0.17012
7.41 0.1742
7.41 0.17444
7.41 0.17492
7.609999999999999 0.1702
7.609999999999999 0.17748
7.81 0.17012
7.81 0.1742
7.81 0.17468
7.81 0.1752
8.01 0.17016
8.01 0.17512
8.01 0.17528
8.209999999999999 0.17008
8.209999999999999 0.17316
8.209999999999999 0.17324
8.209999999999999 0.1734
8.209999999999999 0.17356
8.41 0.17008
8.41 0.17348
8.41 0.17364
8.61 0.17008
8.61 0.17316
8.61 0.17324
8.61 0.17368
8.81 0.17004
8.81 0.1732
9.01 0.17004
9.01 0.17364
9.209999999999999 0.17004
9.209999999999999 0.17316
9.209999999999999 0.17332
9.209999999999999 0.17348
9.209999999999999 0.17376
9.41 0.17008
9.41 0.1734
9.41 0.17352
9.41 0.17364
9.41 0.17376
9.41 0.17404
9.41 0.17412
9.61 0.17008
9.61 0.17352
9.61 0.17364
9.61 0.17372
9.61 0.17384
9.81 0.17008
9.81 0.1736
