5.0E-4 0.1778
5.0E-4 0.182
5.0E-4 0.1863
5.0E-4 0.1905
0.001 0.1779
0.001 0.182
0.001 0.1822
0.001 0.1863
0.001 0.1905
0.001 0.1907
0.0015000000000000002 0.1779
0.0015000000000000002 0.182
0.0015000000000000002 0.1822
0.0015000000000000002 0.1863
0.0015000000000000002 0.1904
0.0015000000000000002 0.1906
0.002 0.1779
0.002 0.182
0.002 0.1823
0.002 0.1864
0.002 0.1906
0.002 0.1908
0.002 0.1948
0.0025 0.178
0.0025 0.182
0.0025 0.1824
0.0025 0.1864
0.0025 0.1906
0.0025 0.1908
0.0025 0.1948
0.0025 0.195
0.0030000000000000005 0.178
0.0030000000000000005 0.182
0.0030000000000000005 0.1825
0.0030000000000000005 0.1865
0.0030000000000000005 0.1907
0.0030000000000000005 0.1909
0.0035000000000000005 0.1781
0.0035000000000000005 0.182
0.0035000000000000005 0.1826
0.0035000000000000005 0.1865
0.0035000000000000005 0.1905
0.0035000000000000005 0.1907
0.0035000000000000005 0.1909
0.0035000000000000005 0.1949
0.004 0.1781
0.004 0.182
0.004 0.1826
0.004 0.1865
0.004 0.1906
0.004 0.1908
0.004 0.191
0.004 0.195
0.0045000000000000005 0.1781
0.0045000000000000005 0.182
0.0045000000000000005 0.1827
0.0045000000000000005 0.1866
0.0045000000000000005 0.1908
0.0045000000000000005 0.1948
0.0045000000000000005 0.195
0.0045000000000000005 0.1952
0.005 0.1782
0.005 0.182
0.005 0.1828
0.005 0.1866
0.005 0.1908
0.005 0.191
0.005 0.195
0.005 0.1952
0.0055000000000000005 0.1782
0.0055000000000000005 0.182
0.0055000000000000005 0.1829
0.0055000000000000005 0.1867
0.0055000000000000005 0.1907
0.0055000000000000005 0.1909
0.0055000000000000005 0.1911
0.006000000000000001 0.1783
0.006000000000000001 0.182
0.006000000000000001 0.1829
0.006000000000000001 0.1867
0.006000000000000001 0.1907
0.006000000000000001 0.1909
0.006000000000000001 0.1911
0.006000000000000001 0.1951
0.006500000000000001 0.1783
0.006500000000000001 0.182
0.006500000000000001 0.183
0.006500000000000001 0.1867
0.006500000000000001 0.191
0.006500000000000001 0.1912
0.006500000000000001 0.195
0.006500000000000001 0.1952
0.007000000000000001 0.1783
0.007000000000000001 0.182
0.007000000000000001 0.1831
0.007000000000000001 0.1868
0.007000000000000001 0.191
0.007000000000000001 0.1951
0.0075 0.1784
0.0075 0.182
0.0075 0.1832
0.0075 0.1868
0.0075 0.191
0.0075 0.1912
0.0075 0.1952
0.0075 0.1954
0.008 0.1784
0.008 0.182
0.008 0.1833
0.008 0.1869
0.008 0.1909
0.008 0.1911
0.008 0.1913
0.008 0.1953
0.0085 0.1785
0.0085 0.182
0.0085 0.1833
0.0085 0.1869
0.0085 0.1911
0.0085 0.1913
0.0085 0.1953
0.0085 0.1955
0.009000000000000001 0.1785
0.009000000000000001 0.182
0.009000000000000001 0.1834
0.009000000000000001 0.1869
0.009000000000000001 0.1911
0.009000000000000001 0.1914
0.009000000000000001 0.1952
0.009000000000000001 0.1954
0.009500000000000001 0.1785
0.009500000000000001 0.182
0.009500000000000001 0.1835
0.009500000000000001 0.187
0.009500000000000001 0.1912
0.009500000000000001 0.1914
0.009500000000000001 0.1953
0.01 0.1786
0.01 0.182
0.01 0.1836
0.01 0.187
0.01 0.1912
0.01 0.1914
0.01 0.1954
0.01 0.1956
0.0105 0.1786
0.0105 0.182
0.0105 0.1836
0.0105 0.1871
0.0105 0.1911
0.0105 0.1913
0.0105 0.1915
0.0105 0.1955
0.011000000000000001 0.1787
0.011000000000000001 0.182
0.011000000000000001 0.1837
0.011000000000000001 0.1871
0.011000000000000001 0.1913
0.011000000000000001 0.1955
0.011000000000000001 0.1957
0.011500000000000002 0.1787
0.011500000000000002 0.182
0.011500000000000002 0.1838
0.011500000000000002 0.1871
0.011500000000000002 0.1913
0.011500000000000002 0.1955
0.011500000000000002 0.1957
0.012000000000000002 0.1787
0.012000000000000002 0.182
0.012000000000000002 0.1839
0.012000000000000002 0.1872
0.012000000000000002 0.1912
0.012000000000000002 0.1914
0.012000000000000002 0.1916
0.0125 0.1788
0.0125 0.182
0.0125 0.184
0.0125 0.1872
0.0125 0.1914
0.0125 0.1956
0.0125 0.1958
0.013000000000000001 0.1788
0.013000000000000001 0.182
0.013000000000000001 0.184
0.013000000000000001 0.1873
0.013000000000000001 0.1913
0.013000000000000001 0.1915
0.013000000000000001 0.1917
0.013000000000000001 0.1957
0.013500000000000002 0.1789
0.013500000000000002 0.182
0.013500000000000002 0.1841
0.013500000000000002 0.1873
0.013500000000000002 0.1915
0.013500000000000002 0.1955
0.013500000000000002 0.1957
0.014000000000000002 0.1789
0.014000000000000002 0.182
0.014000000000000002 0.1842
0.014000000000000002 0.1873
0.014000000000000002 0.1915
0.014000000000000002 0.1957
0.014000000000000002 0.1959
0.014500000000000002 0.1789
0.014500000000000002 0.182
0.014500000000000002 0.1843
0.014500000000000002 0.1874
0.014500000000000002 0.1914
0.014500000000000002 0.1916
0.014500000000000002 0.1918
0.015 0.179
0.015 0.182
0.015 0.1844
0.015 0.1874
0.015 0.1915
0.015 0.1917
0.015 0.1958
0.015 0.196
0.0155 0.179
0.0155 0.182
0.0155 0.1844
0.0155 0.1875
0.0155 0.1916
0.0155 0.1957
0.0155 0.1959
0.016 0.179
0.016 0.182
0.016 0.1845
0.016 0.1875
0.016 0.1917
0.016 0.1958
0.016 0.196
0.0165 0.1791
0.0165 0.182
0.0165 0.1846
0.0165 0.1875
0.0165 0.1917
0.0165 0.1959
0.0165 0.1961
0.017 0.1791
0.017 0.182
0.017 0.1847
0.017 0.1876
0.017 0.1918
0.017 0.196
0.0175 0.1792
0.0175 0.182
0.0175 0.1847
0.0175 0.1876
0.0175 0.1917
0.0175 0.196
0.0175 0.1962
0.018000000000000002 0.1792
0.018000000000000002 0.182
0.018000000000000002 0.1848
0.018000000000000002 0.1877
0.018000000000000002 0.1918
0.018000000000000002 0.1959
0.018000000000000002 0.1961
0.018500000000000003 0.1751
0.018500000000000003 0.1792
0.018500000000000003 0.182
0.018500000000000003 0.1849
0.018500000000000003 0.1877
0.018500000000000003 0.1919
0.018500000000000003 0.196
0.018500000000000003 0.1962
0.019000000000000003 0.1751
0.019000000000000003 0.1793
0.019000000000000003 0.182
0.019000000000000003 0.185
0.019000000000000003 0.1877
0.019000000000000003 0.1919
0.019000000000000003 0.1922
0.019000000000000003 0.1961
0.019000000000000003 0.1963
0.019500000000000003 0.1751
0.019500000000000003 0.1793
0.019500000000000003 0.182
0.019500000000000003 0.1851
0.019500000000000003 0.1878
0.019500000000000003 0.1919
0.019500000000000003 0.1962
0.02 0.1752
0.02 0.1794
0.02 0.182
0.02 0.1851
0.02 0.1878
0.02 0.192
0.02 0.1962
0.020500000000000004 0.1752
0.020500000000000004 0.1794
0.020500000000000004 0.182
0.020500000000000004 0.1852
0.020500000000000004 0.1879
0.020500000000000004 0.192
0.021 0.1753
0.021 0.1794
0.021 0.182
0.021 0.1853
0.021 0.1879
0.021 0.1921
0.021 0.1924
0.021 0.1962
0.021 0.1964
0.0215 0.1753
0.0215 0.1795
0.0215 0.182
0.0215 0.1854
0.0215 0.1879
0.0215 0.1921
0.0215 0.1924
0.0215 0.1963
0.0215 0.1965
0.022000000000000002 0.1753
0.022000000000000002 0.1795
0.022000000000000002 0.182
0.022000000000000002 0.1854
0.022000000000000002 0.188
0.022000000000000002 0.1921
0.022000000000000002 0.1964
0.0225 0.1754
0.0225 0.1796
0.0225 0.182
0.0225 0.1855
0.0225 0.188
0.0225 0.1922
0.0225 0.1925
0.0225 0.1963
0.0225 0.1965
0.023000000000000003 0.1754
0.023000000000000003 0.1796
0.023000000000000003 0.182
0.023000000000000003 0.1856
0.023000000000000003 0.1881
0.023000000000000003 0.1922
0.023000000000000003 0.1964
0.023000000000000003 0.1966
0.0235 0.1755
0.0235 0.1796
0.0235 0.182
0.0235 0.1857
0.0235 0.1881
0.0235 0.1923
0.0235 0.1965
0.0235 0.1967
0.024000000000000004 0.1755
0.024000000000000004 0.1797
0.024000000000000004 0.182
0.024000000000000004 0.1858
0.024000000000000004 0.1881
0.024000000000000004 0.1923
0.024000000000000004 0.1965
0.024000000000000004 0.1967
0.0245 0.1755
0.0245 0.1797
0.0245 0.182
0.0245 0.1858
0.0245 0.1882
0.0245 0.1923
0.0245 0.1966
0.025 0.1756
0.025 0.1798
0.025 0.182
0.025 0.1859
0.025 0.1882
0.025 0.1924
0.025 0.1965
0.025 0.1967
0.025500000000000002 0.1756
0.025500000000000002 0.1798
0.025500000000000002 0.182
0.025500000000000002 0.186
0.025500000000000002 0.1883
0.025500000000000002 0.1924
0.025500000000000002 0.1966
0.025500000000000002 0.1968
0.026000000000000002 0.1757
0.026000000000000002 0.1798
0.026000000000000002 0.1821
0.026000000000000002 0.1861
0.026000000000000002 0.1883
0.026000000000000002 0.1924
0.026000000000000002 0.1967
0.026000000000000002 0.1969
0.026500000000000003 0.1757
0.026500000000000003 0.1799
0.026500000000000003 0.1821
0.026500000000000003 0.1861
0.026500000000000003 0.1883
0.026500000000000003 0.1925
0.026500000000000003 0.1966
0.026500000000000003 0.1968
0.027000000000000003 0.1757
0.027000000000000003 0.1799
0.027000000000000003 0.1821
0.027000000000000003 0.1862
0.027000000000000003 0.1884
0.027000000000000003 0.1925
0.0275 0.1758
0.0275 0.1799
0.0275 0.1821
0.0275 0.1863
0.0275 0.1884
0.0275 0.1926
0.0275 0.1967
0.0275 0.1969
0.028000000000000004 0.1758
0.028000000000000004 0.18
0.028000000000000004 0.1821
0.028000000000000004 0.1864
0.028000000000000004 0.1885
0.028000000000000004 0.1926
0.028000000000000004 0.1968
0.028000000000000004 0.197
0.0285 0.1759
0.0285 0.18
0.0285 0.1821
0.0285 0.1864
0.0285 0.1885
0.0285 0.1926
0.0285 0.1969
0.029000000000000005 0.1759
0.029000000000000005 0.1801
0.029000000000000005 0.1821
0.029000000000000005 0.1865
0.029000000000000005 0.1885
0.029000000000000005 0.1927
0.029000000000000005 0.1968
0.029000000000000005 0.197
0.029500000000000002 0.1759
0.029500000000000002 0.1801
0.029500000000000002 0.1821
0.029500000000000002 0.1866
0.029500000000000002 0.1886
0.029500000000000002 0.1927
0.029500000000000002 0.1969
0.029500000000000002 0.1971
0.03 0.176
0.03 0.1801
0.03 0.1821
0.03 0.1867
0.03 0.1886
0.03 0.1928
0.03 0.197
0.03 0.1972
0.030500000000000003 0.176
0.030500000000000003 0.1802
0.030500000000000003 0.1821
0.030500000000000003 0.1868
0.030500000000000003 0.1887
0.030500000000000003 0.1928
0.030500000000000003 0.1971
0.031 0.1761
0.031 0.1802
0.031 0.1821
0.031 0.1868
0.031 0.1887
0.031 0.1928
0.031 0.1971
0.0315 0.1761
0.0315 0.1803
0.0315 0.1821
0.0315 0.1869
0.0315 0.1888
0.0315 0.1929
0.0315 0.197
0.0315 0.1972
0.032 0.1761
0.032 0.1803
0.032 0.1821
0.032 0.187
0.032 0.1888
0.032 0.1929
0.032 0.1971
0.0325 0.1762
0.0325 0.1803
0.0325 0.1821
0.0325 0.1871
0.0325 0.1888
0.0325 0.193
0.0325 0.1972
0.033 0.1762
0.033 0.1804
0.033 0.1821
0.033 0.1871
0.033 0.1889
0.033 0.193
0.033 0.1971
0.033 0.1973
0.0335 0.1763
0.0335 0.1804
0.0335 0.1821
0.0335 0.1872
0.0335 0.1889
0.0335 0.1931
0.034 0.1763
0.034 0.1804
0.034 0.1821
0.034 0.1873
0.034 0.189
0.034 0.1931
0.034 0.1973
0.034 0.1975
0.0345 0.1763
0.0345 0.1805
0.0345 0.1821
0.0345 0.1874
0.0345 0.189
0.0345 0.1931
0.0345 0.1974
0.035 0.1764
0.035 0.1805
0.035 0.1821
0.035 0.1874
0.035 0.189
0.035 0.1932
0.035 0.1974
0.035500000000000004 0.1764
0.035500000000000004 0.1805
0.035500000000000004 0.1821
0.035500000000000004 0.1875
0.035500000000000004 0.1891
0.035500000000000004 0.1932
0.035500000000000004 0.1973
0.035500000000000004 0.1975
0.036000000000000004 0.1765
0.036000000000000004 0.1806
0.036000000000000004 0.1821
0.036000000000000004 0.1876
0.036000000000000004 0.1888
0.036000000000000004 0.1891
0.036000000000000004 0.1933
0.036000000000000004 0.1975
0.036500000000000005 0.1765
0.036500000000000005 0.1806
0.036500000000000005 0.181
0.036500000000000005 0.1821
0.036500000000000005 0.1877
0.036500000000000005 0.1892
0.036500000000000005 0.1933
0.036500000000000005 0.1975
0.036500000000000005 0.1977
0.037000000000000005 0.1765
0.037000000000000005 0.1807
0.037000000000000005 0.1821
0.037000000000000005 0.1877
0.037000000000000005 0.1892
0.037000000000000005 0.1933
0.037000000000000005 0.1976
0.0375 0.1766
0.0375 0.1807
0.0375 0.1821
0.0375 0.1878
0.0375 0.1893
0.0375 0.1934
0.0375 0.1974
0.0375 0.1976
0.038000000000000006 0.1766
0.038000000000000006 0.1807
0.038000000000000006 0.1821
0.038000000000000006 0.1879
0.038000000000000006 0.1893
0.038000000000000006 0.1934
0.038000000000000006 0.1976
0.038000000000000006 0.1978
0.0385 0.1767
0.0385 0.1808
0.0385 0.1821
0.0385 0.188
0.0385 0.1893
0.0385 0.1934
0.0385 0.1977
0.03900000000000001 0.1767
0.03900000000000001 0.1808
0.03900000000000001 0.1821
0.03900000000000001 0.188
0.03900000000000001 0.1894
0.03900000000000001 0.1935
0.0395 0.1767
0.0395 0.1808
0.0395 0.1821
0.0395 0.1881
0.0395 0.1894
0.0395 0.1935
0.0395 0.1976
0.0395 0.1978
0.04 0.1768
0.04 0.1809
0.04 0.1821
0.04 0.1882
0.04 0.1895
0.04 0.1936
0.04 0.1978
0.0405 0.1768
0.0405 0.1809
0.0405 0.1821
0.0405 0.1883
0.0405 0.1895
0.0405 0.1936
0.0405 0.1977
0.0405 0.1979
0.04100000000000001 0.1768
0.04100000000000001 0.1809
0.04100000000000001 0.1821
0.04100000000000001 0.1883
0.04100000000000001 0.1896
0.04100000000000001 0.1936
0.04100000000000001 0.1979
0.0415 0.1769
0.0415 0.181
0.0415 0.1821
0.0415 0.1884
0.0415 0.1896
0.0415 0.1937
0.0415 0.1978
0.0415 0.198
0.042 0.1769
0.042 0.181
0.042 0.1822
0.042 0.1885
0.042 0.1897
0.042 0.1937
0.042 0.1978
0.042 0.198
0.0425 0.177
0.0425 0.181
0.0425 0.1822
0.0425 0.1885
0.0425 0.1897
0.0425 0.1938
0.0425 0.198
0.043 0.177
0.043 0.1811
0.043 0.1822
0.043 0.1886
0.043 0.1897
0.043 0.1938
0.043 0.1979
0.043 0.1981
0.043500000000000004 0.177
0.043500000000000004 0.1811
0.043500000000000004 0.1822
0.043500000000000004 0.1887
0.043500000000000004 0.1898
0.043500000000000004 0.1938
0.043500000000000004 0.1981
0.044000000000000004 0.1771
0.044000000000000004 0.1811
0.044000000000000004 0.1822
0.044000000000000004 0.1888
0.044000000000000004 0.1898
0.044000000000000004 0.1939
0.044000000000000004 0.1981
0.044500000000000005 0.1771
0.044500000000000005 0.1812
0.044500000000000005 0.1814
0.044500000000000005 0.1822
0.044500000000000005 0.1888
0.044500000000000005 0.1896
0.044500000000000005 0.1899
0.044500000000000005 0.1939
0.044500000000000005 0.1982
0.045 0.1772
0.045 0.1812
0.045 0.1822
0.045 0.1889
0.045 0.1895
0.045 0.1899
0.045 0.194
0.045 0.1982
0.0455 0.1772
0.0455 0.1812
0.0455 0.1815
0.0455 0.1822
0.0455 0.189
0.0455 0.1897
0.0455 0.19
0.0455 0.194
0.0455 0.1982
0.046000000000000006 0.1772
0.046000000000000006 0.1812
0.046000000000000006 0.1815
0.046000000000000006 0.1822
0.046000000000000006 0.189
0.046000000000000006 0.19
0.046000000000000006 0.194
0.046000000000000006 0.1983
0.04650000000000001 0.1773
0.04650000000000001 0.1813
0.04650000000000001 0.1822
0.04650000000000001 0.1891
0.04650000000000001 0.1898
0.04650000000000001 0.1901
0.04650000000000001 0.1941
0.047 0.1773
0.047 0.1813
0.047 0.1822
0.047 0.1892
0.047 0.1901
0.047 0.1941
0.047 0.1982
0.047 0.1984
0.0475 0.1774
0.0475 0.1813
0.0475 0.1816
0.0475 0.1822
0.0475 0.1892
0.0475 0.1902
0.0475 0.1942
0.0475 0.1984
0.04800000000000001 0.1774
0.04800000000000001 0.1814
0.04800000000000001 0.1823
0.04800000000000001 0.1893
0.04800000000000001 0.1902
0.04800000000000001 0.1942
0.04800000000000001 0.1983
0.04800000000000001 0.1985
0.04850000000000001 0.1774
0.04850000000000001 0.1814
0.04850000000000001 0.1817
0.04850000000000001 0.1823
0.04850000000000001 0.1894
0.04850000000000001 0.1903
0.04850000000000001 0.1942
0.04850000000000001 0.1983
0.04850000000000001 0.1985
0.049 0.1775
0.049 0.1814
0.049 0.1817
0.049 0.1823
0.049 0.1894
0.049 0.19
0.049 0.1903
0.049 0.1943
0.0495 0.1775
0.0495 0.1814
0.0495 0.1818
0.0495 0.1823
0.0495 0.1895
0.0495 0.1904
0.0495 0.1943
0.0495 0.1985
0.05 0.1776
0.05 0.1815
0.05 0.1818
0.05 0.1823
0.05 0.1896
0.05 0.1901
0.05 0.1904
0.05 0.1944
0.05 0.1986
0.05050000000000001 0.1776
0.05050000000000001 0.1815
0.05050000000000001 0.1818
0.05050000000000001 0.1823
0.05050000000000001 0.1896
0.05050000000000001 0.1905
0.05050000000000001 0.1944
0.05050000000000001 0.1985
0.05050000000000001 0.1987
0.051000000000000004 0.1776
0.051000000000000004 0.1815
0.051000000000000004 0.1823
0.051000000000000004 0.1897
0.051000000000000004 0.1902
0.051000000000000004 0.1905
0.051000000000000004 0.1944
0.051000000000000004 0.1987
0.051500000000000004 0.1777
0.051500000000000004 0.1815
0.051500000000000004 0.1824
0.051500000000000004 0.1898
0.051500000000000004 0.1903
0.051500000000000004 0.1906
0.051500000000000004 0.1945
0.051500000000000004 0.1987
0.052000000000000005 0.1777
0.052000000000000005 0.1816
0.052000000000000005 0.1824
0.052000000000000005 0.1898
0.052000000000000005 0.1907
0.052000000000000005 0.1945
0.052000000000000005 0.1988
0.0525 0.1778
0.0525 0.1816
0.0525 0.182
0.0525 0.1824
0.0525 0.1899
0.0525 0.1907
0.0525 0.1946
0.0525 0.1988
0.0525 0.199
0.053000000000000005 0.1778
0.053000000000000005 0.1816
0.053000000000000005 0.1824
0.053000000000000005 0.1899
0.053000000000000005 0.1908
0.053000000000000005 0.1946
0.053000000000000005 0.1988
0.053000000000000005 0.199
0.053500000000000006 0.1778
0.053500000000000006 0.1816
0.053500000000000006 0.1821
0.053500000000000006 0.1824
0.053500000000000006 0.19
0.053500000000000006 0.1904
0.053500000000000006 0.1908
0.053500000000000006 0.1946
0.053500000000000006 0.1989
0.054000000000000006 0.1779
0.054000000000000006 0.1816
0.054000000000000006 0.1821
0.054000000000000006 0.1825
0.054000000000000006 0.1901
0.054000000000000006 0.1905
0.054000000000000006 0.1909
0.054000000000000006 0.1947
0.054000000000000006 0.1989
0.0545 0.1779
0.0545 0.1816
0.0545 0.1825
0.0545 0.1901
0.0545 0.191
0.0545 0.1947
0.055 0.1779
0.055 0.1817
0.055 0.1822
0.055 0.1825
0.055 0.1902
0.055 0.191
0.055 0.1947
0.055 0.199
0.05550000000000001 0.178
0.05550000000000001 0.1817
0.05550000000000001 0.1825
0.05550000000000001 0.1902
0.05550000000000001 0.1911
0.05550000000000001 0.1948
0.05550000000000001 0.199
0.05550000000000001 0.1992
0.05600000000000001 0.178
0.05600000000000001 0.1817
0.05600000000000001 0.1826
0.05600000000000001 0.1903
0.05600000000000001 0.1906
0.05600000000000001 0.1911
0.05600000000000001 0.1948
0.05600000000000001 0.1991
0.0565 0.1781
0.0565 0.1817
0.0565 0.1823
0.0565 0.1826
0.0565 0.1903
0.0565 0.1912
0.0565 0.1949
0.057 0.1781
0.057 0.1817
0.057 0.1826
0.057 0.1904
0.057 0.1907
0.057 0.1913
0.057 0.1949
0.057 0.1952
0.057 0.1991
0.0575 0.1781
0.0575 0.1817
0.0575 0.1904
0.0575 0.1913
0.0575 0.1949
0.0575 0.1992
0.05800000000000001 0.1782
0.05800000000000001 0.1817
0.05800000000000001 0.1824
0.05800000000000001 0.1827
0.05800000000000001 0.1905
0.05800000000000001 0.1908
0.05800000000000001 0.1914
0.05800000000000001 0.195
0.05800000000000001 0.1992
0.0585 0.1782
0.0585 0.1817
0.0585 0.1824
0.0585 0.1827
0.0585 0.1905
0.0585 0.1915
0.0585 0.195
0.059000000000000004 0.1783
0.059000000000000004 0.1818
0.059000000000000004 0.1827
0.059000000000000004 0.1906
0.059000000000000004 0.1915
0.059000000000000004 0.1951
0.059000000000000004 0.1993
0.059500000000000004 0.1783
0.059500000000000004 0.1818
0.059500000000000004 0.1828
0.059500000000000004 0.1906
0.059500000000000004 0.1916
0.059500000000000004 0.1951
0.059500000000000004 0.1992
0.059500000000000004 0.1994
0.06 0.1783
0.06 0.1818
0.06 0.1828
0.06 0.1907
0.06 0.1917
0.06 0.1951
0.06 0.1994
0.060500000000000005 0.1784
0.060500000000000005 0.1818
0.060500000000000005 0.1828
0.060500000000000005 0.1907
0.060500000000000005 0.191
0.060500000000000005 0.1917
0.060500000000000005 0.1952
0.061000000000000006 0.1784
0.061000000000000006 0.1818
0.061000000000000006 0.1829
0.061000000000000006 0.1908
0.061000000000000006 0.1918
0.061000000000000006 0.1952
0.061000000000000006 0.1995
0.061500000000000006 0.1785
0.061500000000000006 0.1818
0.061500000000000006 0.1829
0.061500000000000006 0.1908
0.061500000000000006 0.1911
0.061500000000000006 0.1919
0.061500000000000006 0.1953
0.061500000000000006 0.1995
0.062 0.1785
0.062 0.1818
0.062 0.1829
0.062 0.1909
0.062 0.192
0.062 0.1953
0.0625 0.1785
0.0625 0.1818
0.0625 0.183
0.0625 0.1909
0.0625 0.192
0.0625 0.1953
0.063 0.1786
0.063 0.1818
0.063 0.183
0.063 0.1921
0.063 0.1954
0.063 0.1996
0.063 0.1998
0.0635 0.1786
0.0635 0.1818
0.0635 0.183
0.0635 0.191
0.0635 0.1922
0.0635 0.1954
0.064 0.1787
0.064 0.1818
0.064 0.1831
0.064 0.191
0.064 0.1913
0.064 0.1922
0.064 0.1954
0.0645 0.1787
0.0645 0.1818
0.0645 0.1831
0.0645 0.1911
0.0645 0.1923
0.0645 0.1955
0.0645 0.1958
0.0645 0.1998
0.065 0.1787
0.065 0.1818
0.065 0.1831
0.065 0.1911
0.065 0.1914
0.065 0.1924
0.065 0.1955
0.0655 0.1788
0.0655 0.1818
0.0655 0.1832
0.0655 0.1912
0.0655 0.1925
0.0655 0.1956
0.066 0.1788
0.066 0.1818
0.066 0.1832
0.066 0.1912
0.066 0.1925
0.066 0.1956
0.066 0.1999
0.0665 0.1789
0.0665 0.1818
0.0665 0.1832
0.0665 0.1913
0.0665 0.1926
0.0665 0.1957
0.0665 0.1998
0.067 0.1789
0.067 0.1818
0.067 0.1833
0.067 0.1913
0.067 0.1927
0.067 0.1957
0.0675 0.1789
0.0675 0.1819
0.0675 0.1833
0.0675 0.1913
0.0675 0.1927
0.0675 0.1957
0.068 0.179
0.068 0.1819
0.068 0.1833
0.068 0.1914
0.068 0.1928
0.068 0.1958
0.0685 0.179
0.0685 0.1819
0.0685 0.1834
0.0685 0.1914
0.0685 0.1929
0.0685 0.1958
0.069 0.179
0.069 0.1819
0.069 0.1834
0.069 0.1915
0.069 0.193
0.069 0.1958
0.0695 0.1791
0.0695 0.1819
0.0695 0.1835
0.0695 0.1915
0.0695 0.193
0.0695 0.1959
0.07 0.1791
0.07 0.1819
0.07 0.1835
0.07 0.1916
0.07 0.1931
0.07 0.1959
0.07050000000000001 0.1792
0.07050000000000001 0.1819
0.07050000000000001 0.1835
0.07050000000000001 0.1916
0.07050000000000001 0.1932
0.07050000000000001 0.196
0.07100000000000001 0.1792
0.07100000000000001 0.1819
0.07100000000000001 0.1836
0.07100000000000001 0.1917
0.07100000000000001 0.1933
0.07100000000000001 0.196
0.07150000000000001 0.1751
0.07150000000000001 0.1792
0.07150000000000001 0.1819
0.07150000000000001 0.1836
0.07150000000000001 0.1917
0.07150000000000001 0.1933
0.07150000000000001 0.196
0.07200000000000001 0.1751
0.07200000000000001 0.1793
0.07200000000000001 0.1819
0.07200000000000001 0.1836
0.07200000000000001 0.1917
0.07200000000000001 0.1934
0.07200000000000001 0.1961
0.0725 0.1751
0.0725 0.1793
0.0725 0.1819
0.0725 0.1837
0.0725 0.1918
0.0725 0.1935
0.0725 0.1961
0.07300000000000001 0.1752
0.07300000000000001 0.1794
0.07300000000000001 0.1819
0.07300000000000001 0.1837
0.07300000000000001 0.1918
0.07300000000000001 0.1936
0.07300000000000001 0.1962
0.07350000000000001 0.1752
0.07350000000000001 0.1794
0.07350000000000001 0.1819
0.07350000000000001 0.1837
0.07350000000000001 0.1919
0.07350000000000001 0.1936
0.07350000000000001 0.1962
0.07400000000000001 0.1752
0.07400000000000001 0.1794
0.07400000000000001 0.1819
0.07400000000000001 0.1838
0.07400000000000001 0.1919
0.07400000000000001 0.1937
0.07400000000000001 0.1962
0.0745 0.1753
0.0745 0.1795
0.0745 0.1819
0.0745 0.1838
0.0745 0.192
0.0745 0.1938
0.0745 0.1963
0.075 0.1753
0.075 0.1795
0.075 0.1819
0.075 0.1836
0.075 0.1839
0.075 0.192
0.075 0.1939
0.075 0.1963
0.07550000000000001 0.1754
0.07550000000000001 0.1796
0.07550000000000001 0.1819
0.07550000000000001 0.1839
0.07550000000000001 0.1921
0.07550000000000001 0.1939
0.07550000000000001 0.1963
0.07600000000000001 0.1754
0.07600000000000001 0.1796
0.07600000000000001 0.1819
0.07600000000000001 0.1839
0.07600000000000001 0.1921
0.07600000000000001 0.194
0.07600000000000001 0.1964
0.0765 0.1754
0.0765 0.1796
0.0765 0.1819
0.0765 0.184
0.0765 0.1922
0.0765 0.1941
0.0765 0.1964
0.077 0.1755
0.077 0.1797
0.077 0.1819
0.077 0.184
0.077 0.1922
0.077 0.1942
0.077 0.1965
0.0775 0.1752
0.0775 0.1755
0.0775 0.1797
0.0775 0.1819
0.0775 0.1838
0.0775 0.1841
0.0775 0.1923
0.0775 0.1942
0.0775 0.1965
0.07800000000000001 0.1755
0.07800000000000001 0.1798
0.07800000000000001 0.1819
0.07800000000000001 0.1841
0.07800000000000001 0.1923
0.07800000000000001 0.1943
0.07800000000000001 0.1966
0.0785 0.1756
0.0785 0.1798
0.0785 0.1819
0.0785 0.1841
0.0785 0.1923
0.0785 0.1944
0.0785 0.1966
0.079 0.1753
0.079 0.1756
0.079 0.1798
0.079 0.1819
0.079 0.1839
0.079 0.1842
0.079 0.1924
0.079 0.1945
0.079 0.1966
0.0795 0.1757
0.0795 0.1799
0.0795 0.1819
0.0795 0.1842
0.0795 0.1924
0.0795 0.1945
0.0795 0.1967
0.08 0.1757
0.08 0.1799
0.08 0.1819
0.08 0.1842
0.08 0.1925
0.08 0.1946
0.08 0.1967
0.0805 0.1757
0.0805 0.1799
0.0805 0.1819
0.0805 0.1843
0.0805 0.1925
0.0805 0.1947
0.0805 0.1967
0.081 0.1758
0.081 0.18
0.081 0.1819
0.081 0.1843
0.081 0.1926
0.081 0.1948
0.081 0.1968
0.0815 0.1758
0.0815 0.18
0.0815 0.1819
0.0815 0.1841
0.0815 0.1844
0.0815 0.1926
0.0815 0.1948
0.0815 0.1968
0.08200000000000002 0.1759
0.08200000000000002 0.1801
0.08200000000000002 0.1819
0.08200000000000002 0.1844
0.08200000000000002 0.1927
0.08200000000000002 0.1949
0.08200000000000002 0.1969
0.0825 0.1759
0.0825 0.1801
0.0825 0.1819
0.0825 0.1844
0.0825 0.1927
0.0825 0.195
0.0825 0.1969
0.083 0.1759
0.083 0.1801
0.083 0.1819
0.083 0.1845
0.083 0.1927
0.083 0.1951
0.083 0.1969
0.08349999999999999 0.176
0.08349999999999999 0.1802
0.08349999999999999 0.1819
0.08349999999999999 0.1845
0.08349999999999999 0.1928
0.08349999999999999 0.1952
0.08349999999999999 0.197
0.084 0.176
0.084 0.1802
0.084 0.1819
0.084 0.1845
0.084 0.1926
0.084 0.1928
0.084 0.1952
0.084 0.197
0.0845 0.1761
0.0845 0.1803
0.0845 0.1819
0.0845 0.1846
0.0845 0.1929
0.0845 0.1953
0.0845 0.1971
0.085 0.1761
0.085 0.1803
0.085 0.1819
0.085 0.1846
0.085 0.1927
0.085 0.1929
0.085 0.1954
0.085 0.1971
0.0855 0.1762
0.0855 0.1803
0.0855 0.1819
0.0855 0.1847
0.0855 0.193
0.0855 0.1955
0.0855 0.1971
0.086 0.1762
0.086 0.1804
0.086 0.1819
0.086 0.1847
0.086 0.1928
0.086 0.193
0.086 0.1955
0.086 0.1972
0.08650000000000001 0.1762
0.08650000000000001 0.1804
0.08650000000000001 0.1819
0.08650000000000001 0.1847
0.08650000000000001 0.1928
0.08650000000000001 0.193
0.08650000000000001 0.1956
0.08650000000000001 0.1972
0.08700000000000001 0.1763
0.08700000000000001 0.1805
0.08700000000000001 0.1819
0.08700000000000001 0.1848
0.08700000000000001 0.1929
0.08700000000000001 0.1931
0.08700000000000001 0.1957
0.08700000000000001 0.1973
0.0875 0.1763
0.0875 0.1805
0.0875 0.1819
0.0875 0.1848
0.0875 0.1929
0.0875 0.1931
0.0875 0.1958
0.0875 0.1973
0.08800000000000001 0.1764
0.08800000000000001 0.1805
0.08800000000000001 0.1819
0.08800000000000001 0.1848
0.08800000000000001 0.193
0.08800000000000001 0.1932
0.08800000000000001 0.1958
0.08800000000000001 0.1973
0.0885 0.1764
0.0885 0.1806
0.0885 0.1819
0.0885 0.1849
0.0885 0.193
0.0885 0.1932
0.0885 0.1959
0.0885 0.1974
0.08900000000000001 0.1764
0.08900000000000001 0.1806
0.08900000000000001 0.1819
0.08900000000000001 0.1849
0.08900000000000001 0.1932
0.08900000000000001 0.196
0.08900000000000001 0.1974
0.08950000000000001 0.1765
0.08950000000000001 0.1807
0.08950000000000001 0.1819
0.08950000000000001 0.185
0.08950000000000001 0.1931
0.08950000000000001 0.1933
0.08950000000000001 0.1961
0.08950000000000001 0.1974
0.09 0.1765
0.09 0.1807
0.09 0.1819
0.09 0.185
0.09 0.1931
0.09 0.1933
0.09 0.1961
0.09 0.1975
0.09050000000000001 0.1766
0.09050000000000001 0.1807
0.09050000000000001 0.1819
0.09050000000000001 0.185
0.09050000000000001 0.1932
0.09050000000000001 0.1962
0.09050000000000001 0.1975
0.091 0.1766
0.091 0.1808
0.091 0.1819
0.091 0.1851
0.091 0.1932
0.091 0.1934
0.091 0.1963
0.091 0.1976
0.0915 0.1766
0.0915 0.1808
0.0915 0.1819
0.0915 0.1851
0.0915 0.1933
0.0915 0.1964
0.0915 0.1976
0.09200000000000001 0.1767
0.09200000000000001 0.1808
0.09200000000000001 0.1819
0.09200000000000001 0.1852
0.09200000000000001 0.1933
0.09200000000000001 0.1964
0.09200000000000001 0.1976
0.0925 0.1767
0.0925 0.1809
0.0925 0.1819
0.0925 0.1852
0.0925 0.1934
0.0925 0.1965
0.0925 0.1977
0.09300000000000001 0.1767
0.09300000000000001 0.1809
0.09300000000000001 0.1819
0.09300000000000001 0.1852
0.09300000000000001 0.1934
0.09300000000000001 0.1966
0.09300000000000001 0.1977
0.0935 0.1768
0.0935 0.181
0.0935 0.1819
0.0935 0.1853
0.0935 0.1934
0.0935 0.1967
0.0935 0.1977
0.094 0.1768
0.094 0.181
0.094 0.1819
0.094 0.1853
0.094 0.1935
0.094 0.1967
0.094 0.1978
0.09450000000000001 0.1769
0.09450000000000001 0.181
0.09450000000000001 0.1819
0.09450000000000001 0.1853
0.09450000000000001 0.1935
0.09450000000000001 0.1968
0.09450000000000001 0.1978
0.095 0.1769
0.095 0.1811
0.095 0.1819
0.095 0.1854
0.095 0.1936
0.095 0.1969
0.095 0.1979
0.0955 0.1769
0.0955 0.1811
0.0955 0.1819
0.0955 0.1854
0.0955 0.1936
0.0955 0.197
0.0955 0.1979
0.09600000000000002 0.177
0.09600000000000002 0.1812
0.09600000000000002 0.1819
0.09600000000000002 0.1855
0.09600000000000002 0.1937
0.09600000000000002 0.197
0.09600000000000002 0.1979
0.0965 0.177
0.0965 0.1812
0.0965 0.1819
0.0965 0.1855
0.0965 0.1937
0.0965 0.1971
0.0965 0.198
0.09700000000000002 0.1771
0.09700000000000002 0.1812
0.09700000000000002 0.1819
0.09700000000000002 0.1855
0.09700000000000002 0.1937
0.09700000000000002 0.1972
0.09700000000000002 0.198
0.0975 0.1771
0.0975 0.1813
0.0975 0.1819
0.0975 0.1856
0.0975 0.1938
0.0975 0.1973
0.0975 0.1981
0.098 0.1771
0.098 0.1813
0.098 0.1819
0.098 0.1856
0.098 0.1938
0.098 0.1974
0.098 0.1981
0.09850000000000002 0.1772
0.09850000000000002 0.1814
0.09850000000000002 0.1819
0.09850000000000002 0.1856
0.09850000000000002 0.1939
0.09850000000000002 0.1974
0.09850000000000002 0.1981
0.099 0.1772
0.099 0.1814
0.099 0.1819
0.099 0.1857
0.099 0.1939
0.099 0.1975
0.099 0.1982
0.099 0.1985
0.0995 0.1773
0.0995 0.1814
0.0995 0.1819
0.0995 0.1857
0.0995 0.1939
0.0995 0.1976
0.0995 0.1982
