5.0E-4 0.1758
5.0E-4 0.1801
5.0E-4 0.183
5.0E-4 0.1843
5.0E-4 0.1872
5.0E-4 0.1914
5.0E-4 0.1955
5.0E-4 0.1957
0.001 0.1759
0.001 0.1802
0.001 0.183
0.001 0.1843
0.001 0.1871
0.001 0.1874
0.001 0.1914
0.001 0.1956
0.001 0.1958
0.0015000000000000002 0.1759
0.0015000000000000002 0.18
0.0015000000000000002 0.1831
0.0015000000000000002 0.1843
0.0015000000000000002 0.1871
0.0015000000000000002 0.1875
0.0015000000000000002 0.1915
0.0015000000000000002 0.1957
0.002 0.176
0.002 0.18
0.002 0.1803
0.002 0.1831
0.002 0.1844
0.002 0.1871
0.002 0.1876
0.002 0.1916
0.002 0.1957
0.002 0.1959
0.0025 0.176
0.0025 0.18
0.0025 0.1804
0.0025 0.1832
0.0025 0.1844
0.0025 0.1871
0.0025 0.1877
0.0025 0.1916
0.0025 0.1958
0.0025 0.196
0.0030000000000000005 0.176
0.0030000000000000005 0.18
0.0030000000000000005 0.1804
0.0030000000000000005 0.1833
0.0030000000000000005 0.1845
0.0030000000000000005 0.1871
0.0030000000000000005 0.1879
0.0030000000000000005 0.1917
0.0030000000000000005 0.1959
0.0035000000000000005 0.1761
0.0035000000000000005 0.18
0.0035000000000000005 0.1805
0.0035000000000000005 0.1833
0.0035000000000000005 0.1845
0.0035000000000000005 0.1871
0.0035000000000000005 0.188
0.0035000000000000005 0.1918
0.0035000000000000005 0.1958
0.0035000000000000005 0.196
0.004 0.1761
0.004 0.18
0.004 0.1806
0.004 0.1834
0.004 0.1845
0.004 0.1871
0.004 0.1881
0.004 0.1918
0.004 0.196
0.004 0.1962
0.0045000000000000005 0.1761
0.0045000000000000005 0.18
0.0045000000000000005 0.1806
0.0045000000000000005 0.1835
0.0045000000000000005 0.1846
0.0045000000000000005 0.1871
0.0045000000000000005 0.1883
0.0045000000000000005 0.1919
0.0045000000000000005 0.1961
0.005 0.1762
0.005 0.18
0.005 0.1807
0.005 0.1835
0.005 0.1846
0.005 0.1871
0.005 0.1884
0.005 0.192
0.005 0.196
0.005 0.1962
0.0055000000000000005 0.1762
0.0055000000000000005 0.18
0.0055000000000000005 0.1808
0.0055000000000000005 0.1836
0.0055000000000000005 0.1846
0.0055000000000000005 0.1871
0.0055000000000000005 0.1885
0.0055000000000000005 0.192
0.0055000000000000005 0.1962
0.0055000000000000005 0.1964
0.006000000000000001 0.1762
0.006000000000000001 0.18
0.006000000000000001 0.1808
0.006000000000000001 0.1837
0.006000000000000001 0.1847
0.006000000000000001 0.1871
0.006000000000000001 0.1886
0.006000000000000001 0.1921
0.006000000000000001 0.1963
0.006500000000000001 0.1763
0.006500000000000001 0.18
0.006500000000000001 0.1809
0.006500000000000001 0.1837
0.006500000000000001 0.1847
0.006500000000000001 0.1871
0.006500000000000001 0.1888
0.006500000000000001 0.1921
0.006500000000000001 0.1962
0.006500000000000001 0.1965
0.007000000000000001 0.1763
0.007000000000000001 0.18
0.007000000000000001 0.181
0.007000000000000001 0.1838
0.007000000000000001 0.1847
0.007000000000000001 0.1871
0.007000000000000001 0.1889
0.007000000000000001 0.1922
0.007000000000000001 0.1964
0.007000000000000001 0.1966
0.0075 0.1763
0.0075 0.18
0.0075 0.181
0.0075 0.1838
0.0075 0.1848
0.0075 0.1871
0.0075 0.189
0.0075 0.1923
0.0075 0.1963
0.0075 0.1965
0.008 0.1764
0.008 0.18
0.008 0.1811
0.008 0.1839
0.008 0.1848
0.008 0.1871
0.008 0.1892
0.008 0.1923
0.008 0.1965
0.008 0.1967
0.0085 0.1764
0.0085 0.18
0.0085 0.1812
0.0085 0.184
0.0085 0.1848
0.0085 0.1871
0.0085 0.1893
0.0085 0.1924
0.0085 0.1966
0.009000000000000001 0.1764
0.009000000000000001 0.18
0.009000000000000001 0.1812
0.009000000000000001 0.184
0.009000000000000001 0.1849
0.009000000000000001 0.1871
0.009000000000000001 0.1894
0.009000000000000001 0.1925
0.009000000000000001 0.1965
0.009000000000000001 0.1968
0.009500000000000001 0.1765
0.009500000000000001 0.18
0.009500000000000001 0.1813
0.009500000000000001 0.1841
0.009500000000000001 0.1849
0.009500000000000001 0.1871
0.009500000000000001 0.1896
0.009500000000000001 0.1925
0.009500000000000001 0.1967
0.009500000000000001 0.1969
0.01 0.1765
0.01 0.18
0.01 0.1813
0.01 0.1842
0.01 0.1849
0.01 0.1871
0.01 0.1897
0.01 0.1926
0.01 0.1969
0.0105 0.1765
0.0105 0.18
0.0105 0.1814
0.0105 0.1842
0.0105 0.185
0.0105 0.1871
0.0105 0.1898
0.0105 0.1927
0.0105 0.1968
0.0105 0.197
0.011000000000000001 0.1766
0.011000000000000001 0.18
0.011000000000000001 0.1815
0.011000000000000001 0.1843
0.011000000000000001 0.185
0.011000000000000001 0.1871
0.011000000000000001 0.19
0.011000000000000001 0.1927
0.011000000000000001 0.1969
0.011000000000000001 0.1972
0.011500000000000002 0.1766
0.011500000000000002 0.18
0.011500000000000002 0.1815
0.011500000000000002 0.1844
0.011500000000000002 0.185
0.011500000000000002 0.1871
0.011500000000000002 0.1891
0.011500000000000002 0.1901
0.011500000000000002 0.1928
0.011500000000000002 0.1969
0.011500000000000002 0.1971
0.012000000000000002 0.1766
0.012000000000000002 0.18
0.012000000000000002 0.1816
0.012000000000000002 0.1844
0.012000000000000002 0.1851
0.012000000000000002 0.1871
0.012000000000000002 0.1903
0.012000000000000002 0.1929
0.012000000000000002 0.197
0.012000000000000002 0.1973
0.0125 0.1767
0.0125 0.18
0.0125 0.1816
0.0125 0.1845
0.0125 0.1851
0.0125 0.1871
0.0125 0.1904
0.0125 0.193
0.0125 0.197
0.0125 0.1972
0.013000000000000001 0.1767
0.013000000000000001 0.18
0.013000000000000001 0.1817
0.013000000000000001 0.1846
0.013000000000000001 0.1851
0.013000000000000001 0.1871
0.013000000000000001 0.1892
0.013000000000000001 0.1905
0.013000000000000001 0.193
0.013000000000000001 0.1971
0.013000000000000001 0.1974
0.013500000000000002 0.1767
0.013500000000000002 0.18
0.013500000000000002 0.1817
0.013500000000000002 0.1846
0.013500000000000002 0.1852
0.013500000000000002 0.1871
0.013500000000000002 0.1893
0.013500000000000002 0.1907
0.013500000000000002 0.1931
0.013500000000000002 0.1973
0.014000000000000002 0.1768
0.014000000000000002 0.18
0.014000000000000002 0.1818
0.014000000000000002 0.1847
0.014000000000000002 0.1852
0.014000000000000002 0.1871
0.014000000000000002 0.1894
0.014000000000000002 0.1908
0.014000000000000002 0.1932
0.014000000000000002 0.1973
0.014000000000000002 0.1975
0.014500000000000002 0.1768
0.014500000000000002 0.18
0.014500000000000002 0.1819
0.014500000000000002 0.1848
0.014500000000000002 0.1852
0.014500000000000002 0.1872
0.014500000000000002 0.1909
0.014500000000000002 0.1932
0.014500000000000002 0.1974
0.015 0.1768
0.015 0.18
0.015 0.1819
0.015 0.1848
0.015 0.1853
0.015 0.1872
0.015 0.1893
0.015 0.1895
0.015 0.1911
0.015 0.1933
0.015 0.1973
0.015 0.1976
0.0155 0.1769
0.0155 0.18
0.0155 0.182
0.0155 0.1849
0.0155 0.1853
0.0155 0.1872
0.0155 0.1894
0.0155 0.1912
0.0155 0.1934
0.0155 0.1975
0.016 0.1769
0.016 0.18
0.016 0.182
0.016 0.185
0.016 0.1853
0.016 0.1872
0.016 0.1895
0.016 0.1897
0.016 0.1914
0.016 0.1934
0.016 0.1975
0.016 0.1977
0.0165 0.1769
0.0165 0.18
0.0165 0.1821
0.0165 0.185
0.0165 0.1853
0.0165 0.1872
0.0165 0.1896
0.0165 0.1915
0.0165 0.1935
0.0165 0.1976
0.0165 0.1979
0.017 0.1769
0.017 0.18
0.017 0.1821
0.017 0.1851
0.017 0.1854
0.017 0.1872
0.017 0.1894
0.017 0.1916
0.017 0.1936
0.017 0.1978
0.0175 0.177
0.0175 0.18
0.0175 0.1822
0.0175 0.1854
0.0175 0.1872
0.0175 0.1895
0.0175 0.1897
0.0175 0.1918
0.0175 0.1937
0.0175 0.1978
0.0175 0.198
0.018000000000000002 0.177
0.018000000000000002 0.18
0.018000000000000002 0.1822
0.018000000000000002 0.1854
0.018000000000000002 0.1872
0.018000000000000002 0.1896
0.018000000000000002 0.1919
0.018000000000000002 0.1937
0.018000000000000002 0.198
0.018500000000000003 0.177
0.018500000000000003 0.18
0.018500000000000003 0.1823
0.018500000000000003 0.1855
0.018500000000000003 0.1872
0.018500000000000003 0.1897
0.018500000000000003 0.1899
0.018500000000000003 0.192
0.018500000000000003 0.1938
0.018500000000000003 0.1979
0.018500000000000003 0.1981
0.019000000000000003 0.1771
0.019000000000000003 0.18
0.019000000000000003 0.1823
0.019000000000000003 0.1855
0.019000000000000003 0.1872
0.019000000000000003 0.1895
0.019000000000000003 0.1897
0.019000000000000003 0.1922
0.019000000000000003 0.1939
0.019000000000000003 0.1981
0.019500000000000003 0.1771
0.019500000000000003 0.18
0.019500000000000003 0.1824
0.019500000000000003 0.1855
0.019500000000000003 0.1872
0.019500000000000003 0.1896
0.019500000000000003 0.1898
0.019500000000000003 0.1923
0.019500000000000003 0.1939
0.019500000000000003 0.198
0.02 0.1771
0.02 0.18
0.02 0.1824
0.02 0.1856
0.02 0.1872
0.02 0.1897
0.02 0.1899
0.02 0.1925
0.02 0.194
0.02 0.1982
0.020500000000000004 0.1772
0.020500000000000004 0.1801
0.020500000000000004 0.1825
0.020500000000000004 0.1856
0.020500000000000004 0.1872
0.020500000000000004 0.1898
0.020500000000000004 0.19
0.020500000000000004 0.1926
0.020500000000000004 0.1941
0.020500000000000004 0.1981
0.020500000000000004 0.1984
0.021 0.1772
0.021 0.1801
0.021 0.1825
0.021 0.1856
0.021 0.1872
0.021 0.1898
0.021 0.1901
0.021 0.1927
0.021 0.1942
0.021 0.1983
0.0215 0.1772
0.0215 0.1801
0.0215 0.1826
0.0215 0.1857
0.0215 0.1872
0.0215 0.1899
0.0215 0.1929
0.0215 0.1942
0.0215 0.1983
0.0215 0.1985
0.022000000000000002 0.1772
0.022000000000000002 0.1801
0.022000000000000002 0.1827
0.022000000000000002 0.1857
0.022000000000000002 0.1872
0.022000000000000002 0.1898
0.022000000000000002 0.19
0.022000000000000002 0.193
0.022000000000000002 0.1943
0.022000000000000002 0.1985
0.0225 0.1773
0.0225 0.1801
0.0225 0.1827
0.0225 0.1857
0.0225 0.1872
0.0225 0.1898
0.0225 0.1901
0.0225 0.1931
0.0225 0.1944
0.0225 0.1984
0.023000000000000003 0.1773
0.023000000000000003 0.1801
0.023000000000000003 0.1828
0.023000000000000003 0.1857
0.023000000000000003 0.1872
0.023000000000000003 0.1899
0.023000000000000003 0.1902
0.023000000000000003 0.1933
0.023000000000000003 0.1945
0.023000000000000003 0.1986
0.0235 0.1773
0.0235 0.1801
0.0235 0.1828
0.0235 0.1872
0.0235 0.19
0.0235 0.1934
0.0235 0.1946
0.0235 0.1985
0.0235 0.1988
0.024000000000000004 0.1774
0.024000000000000004 0.1801
0.024000000000000004 0.1829
0.024000000000000004 0.1858
0.024000000000000004 0.1872
0.024000000000000004 0.1898
0.024000000000000004 0.1901
0.024000000000000004 0.1935
0.024000000000000004 0.1946
0.024000000000000004 0.1987
0.0245 0.1774
0.0245 0.1801
0.0245 0.1829
0.0245 0.1858
0.0245 0.1872
0.0245 0.1899
0.0245 0.1902
0.0245 0.1937
0.0245 0.1947
0.0245 0.1987
0.0245 0.1989
0.025 0.1774
0.025 0.1801
0.025 0.183
0.025 0.1858
0.025 0.1873
0.025 0.19
0.025 0.1903
0.025 0.1938
0.025 0.1948
0.025 0.1989
0.025500000000000002 0.1775
0.025500000000000002 0.1801
0.025500000000000002 0.183
0.025500000000000002 0.1859
0.025500000000000002 0.1862
0.025500000000000002 0.1873
0.025500000000000002 0.1901
0.025500000000000002 0.1939
0.025500000000000002 0.1949
0.025500000000000002 0.1988
0.025500000000000002 0.1991
0.026000000000000002 0.1775
0.026000000000000002 0.1801
0.026000000000000002 0.1831
0.026000000000000002 0.1859
0.026000000000000002 0.1862
0.026000000000000002 0.1873
0.026000000000000002 0.1902
0.026000000000000002 0.1941
0.026000000000000002 0.195
0.026000000000000002 0.199
0.026500000000000003 0.1775
0.026500000000000003 0.1801
0.026500000000000003 0.1831
0.026500000000000003 0.1859
0.026500000000000003 0.1873
0.026500000000000003 0.19
0.026500000000000003 0.1902
0.026500000000000003 0.1942
0.026500000000000003 0.1951
0.026500000000000003 0.199
0.026500000000000003 0.1992
0.027000000000000003 0.1775
0.027000000000000003 0.1801
0.027000000000000003 0.1832
0.027000000000000003 0.186
0.027000000000000003 0.1873
0.027000000000000003 0.1901
0.027000000000000003 0.1903
0.027000000000000003 0.1943
0.027000000000000003 0.1952
0.027000000000000003 0.1992
0.0275 0.1776
0.0275 0.1801
0.0275 0.1832
0.0275 0.186
0.0275 0.1864
0.0275 0.1873
0.0275 0.1901
0.0275 0.1904
0.0275 0.1944
0.0275 0.1953
0.0275 0.1991
0.028000000000000004 0.1776
0.028000000000000004 0.1801
0.028000000000000004 0.1832
0.028000000000000004 0.186
0.028000000000000004 0.1864
0.028000000000000004 0.1873
0.028000000000000004 0.1902
0.028000000000000004 0.1905
0.028000000000000004 0.1945
0.028000000000000004 0.195
0.028000000000000004 0.1954
0.028000000000000004 0.1993
0.0285 0.1776
0.0285 0.1801
0.0285 0.1833
0.0285 0.1861
0.0285 0.1865
0.0285 0.1874
0.0285 0.1903
0.0285 0.1946
0.0285 0.1955
0.0285 0.1993
0.0285 0.1995
0.029000000000000005 0.1776
0.029000000000000005 0.1801
0.029000000000000005 0.1833
0.029000000000000005 0.1861
0.029000000000000005 0.1874
0.029000000000000005 0.1901
0.029000000000000005 0.1904
0.029000000000000005 0.1948
0.029000000000000005 0.1956
0.029000000000000005 0.1995
0.029500000000000002 0.1777
0.029500000000000002 0.1801
0.029500000000000002 0.1834
0.029500000000000002 0.1861
0.029500000000000002 0.1866
0.029500000000000002 0.1874
0.029500000000000002 0.1902
0.029500000000000002 0.1905
0.029500000000000002 0.1949
0.029500000000000002 0.1957
0.029500000000000002 0.1994
0.03 0.1777
0.03 0.1801
0.03 0.1834
0.03 0.1861
0.03 0.1874
0.03 0.1903
0.03 0.1906
0.03 0.195
0.03 0.1958
0.03 0.1996
0.030500000000000003 0.1777
0.030500000000000003 0.1801
0.030500000000000003 0.1835
0.030500000000000003 0.1862
0.030500000000000003 0.1867
0.030500000000000003 0.1875
0.030500000000000003 0.1904
0.030500000000000003 0.1951
0.030500000000000003 0.1959
0.030500000000000003 0.1996
0.030500000000000003 0.1998
0.031 0.1778
0.031 0.1801
0.031 0.1835
0.031 0.1862
0.031 0.1867
0.031 0.1875
0.031 0.1904
0.031 0.1952
0.031 0.1961
0.031 0.1998
0.0315 0.1778
0.0315 0.1801
0.0315 0.1836
0.0315 0.1862
0.0315 0.1867
0.0315 0.1875
0.0315 0.1902
0.0315 0.1905
0.0315 0.1953
0.0315 0.1962
0.0315 0.1997
0.032 0.1778
0.032 0.1801
0.032 0.1836
0.032 0.1863
0.032 0.1868
0.032 0.1876
0.032 0.1903
0.032 0.1906
0.032 0.1953
0.032 0.1963
0.032 0.1999
0.0325 0.1778
0.0325 0.1801
0.0325 0.1837
0.0325 0.1863
0.0325 0.1868
0.0325 0.1876
0.0325 0.1904
0.0325 0.1907
0.0325 0.1954
0.0325 0.1964
0.0325 0.1999
0.033 0.1779
0.033 0.1801
0.033 0.1837
0.033 0.1863
0.033 0.1868
0.033 0.1877
0.033 0.1905
0.033 0.1955
0.033 0.1966
0.0335 0.1779
0.0335 0.1801
0.0335 0.1838
0.0335 0.1863
0.0335 0.1868
0.0335 0.1877
0.0335 0.1906
0.0335 0.1956
0.0335 0.1967
0.034 0.1779
0.034 0.1801
0.034 0.1838
0.034 0.1864
0.034 0.1869
0.034 0.1878
0.034 0.1906
0.034 0.1957
0.034 0.1968
0.0345 0.1779
0.0345 0.1801
0.0345 0.1839
0.0345 0.1864
0.0345 0.1869
0.0345 0.1878
0.0345 0.1905
0.0345 0.1907
0.0345 0.1958
0.0345 0.197
0.035 0.178
0.035 0.1801
0.035 0.1839
0.035 0.1864
0.035 0.1869
0.035 0.1879
0.035 0.1905
0.035 0.1908
0.035 0.1958
0.035 0.1971
0.035500000000000004 0.178
0.035500000000000004 0.1801
0.035500000000000004 0.184
0.035500000000000004 0.1865
0.035500000000000004 0.1869
0.035500000000000004 0.1879
0.035500000000000004 0.1906
0.035500000000000004 0.1909
0.035500000000000004 0.196
0.035500000000000004 0.1972
0.036000000000000004 0.178
0.036000000000000004 0.1801
0.036000000000000004 0.184
0.036000000000000004 0.1865
0.036000000000000004 0.1869
0.036000000000000004 0.188
0.036000000000000004 0.1907
0.036000000000000004 0.196
0.036000000000000004 0.1974
0.036500000000000005 0.1781
0.036500000000000005 0.1801
0.036500000000000005 0.1865
0.036500000000000005 0.1869
0.036500000000000005 0.1881
0.036500000000000005 0.1908
0.036500000000000005 0.1961
0.036500000000000005 0.1975
0.037000000000000005 0.1781
0.037000000000000005 0.1801
0.037000000000000005 0.1841
0.037000000000000005 0.1866
0.037000000000000005 0.1869
0.037000000000000005 0.1881
0.037000000000000005 0.1906
0.037000000000000005 0.1908
0.037000000000000005 0.1962
0.037000000000000005 0.1977
0.0375 0.1781
0.0375 0.1801
0.0375 0.1841
0.0375 0.1866
0.0375 0.1869
0.0375 0.1882
0.0375 0.1907
0.0375 0.1909
0.0375 0.1962
0.0375 0.1978
0.038000000000000006 0.1781
0.038000000000000006 0.1801
0.038000000000000006 0.1842
0.038000000000000006 0.1866
0.038000000000000006 0.187
0.038000000000000006 0.1882
0.038000000000000006 0.1907
0.038000000000000006 0.1911
0.038000000000000006 0.1963
0.038000000000000006 0.1966
0.038000000000000006 0.1979
0.0385 0.1782
0.0385 0.1801
0.0385 0.1842
0.0385 0.1866
0.0385 0.187
0.0385 0.1883
0.0385 0.1908
0.0385 0.1911
0.0385 0.1963
0.0385 0.1981
0.03900000000000001 0.1782
0.03900000000000001 0.1801
0.03900000000000001 0.1843
0.03900000000000001 0.1866
0.03900000000000001 0.1884
0.03900000000000001 0.1909
0.03900000000000001 0.1963
0.03900000000000001 0.1965
0.03900000000000001 0.1982
0.0395 0.1782
0.0395 0.1801
0.0395 0.1843
0.0395 0.1867
0.0395 0.1885
0.0395 0.1907
0.0395 0.191
0.0395 0.1965
0.0395 0.1967
0.0395 0.1984
0.04 0.1782
0.04 0.1801
0.04 0.1844
0.04 0.1867
0.04 0.1885
0.04 0.1908
0.04 0.1911
0.04 0.1965
0.04 0.1967
0.04 0.1969
0.04 0.1985
0.0405 0.1783
0.0405 0.1801
0.0405 0.1844
0.0405 0.1867
0.0405 0.187
0.0405 0.1886
0.0405 0.1909
0.0405 0.1912
0.0405 0.1967
0.0405 0.1969
0.0405 0.1987
0.04100000000000001 0.1783
0.04100000000000001 0.1801
0.04100000000000001 0.1845
0.04100000000000001 0.1867
0.04100000000000001 0.1886
0.04100000000000001 0.1909
0.04100000000000001 0.1966
0.04100000000000001 0.1969
0.04100000000000001 0.1971
0.04100000000000001 0.1988
0.0415 0.1783
0.0415 0.1801
0.0415 0.1845
0.0415 0.1868
0.0415 0.1871
0.0415 0.1887
0.0415 0.191
0.0415 0.1968
0.0415 0.199
0.042 0.1783
0.042 0.1801
0.042 0.1868
0.042 0.1871
0.042 0.1888
0.042 0.1908
0.042 0.1911
0.042 0.1968
0.042 0.1991
0.0425 0.1784
0.0425 0.1801
0.0425 0.1846
0.0425 0.1868
0.0425 0.1888
0.0425 0.1909
0.0425 0.1912
0.0425 0.1967
0.0425 0.197
0.0425 0.1972
0.0425 0.1992
0.043 0.1784
0.043 0.1801
0.043 0.1846
0.043 0.1868
0.043 0.1889
0.043 0.191
0.043 0.1913
0.043 0.197
0.043 0.1972
0.043 0.1994
0.043500000000000004 0.1784
0.043500000000000004 0.1801
0.043500000000000004 0.1847
0.043500000000000004 0.1868
0.043500000000000004 0.189
0.043500000000000004 0.191
0.043500000000000004 0.1969
0.043500000000000004 0.1974
0.043500000000000004 0.1995
0.044000000000000004 0.1784
0.044000000000000004 0.1801
0.044000000000000004 0.1847
0.044000000000000004 0.1869
0.044000000000000004 0.1891
0.044000000000000004 0.1911
0.044000000000000004 0.1972
0.044000000000000004 0.1997
0.044500000000000005 0.1785
0.044500000000000005 0.1801
0.044500000000000005 0.1869
0.044500000000000005 0.1891
0.044500000000000005 0.1912
0.044500000000000005 0.1972
0.044500000000000005 0.1976
0.044500000000000005 0.1998
0.045 0.1785
0.045 0.1801
0.045 0.1869
0.045 0.1892
0.045 0.191
0.045 0.1913
0.045 0.1975
0.0455 0.1785
0.0455 0.1801
0.0455 0.1869
0.0455 0.1893
0.0455 0.1911
0.0455 0.1914
0.0455 0.1973
0.0455 0.1978
0.046000000000000006 0.1785
0.046000000000000006 0.1801
0.046000000000000006 0.187
0.046000000000000006 0.1893
0.046000000000000006 0.1911
0.046000000000000006 0.1915
0.046000000000000006 0.1977
0.04650000000000001 0.1786
0.04650000000000001 0.1801
0.04650000000000001 0.187
0.04650000000000001 0.1894
0.04650000000000001 0.1912
0.04650000000000001 0.1975
0.04650000000000001 0.198
0.047 0.1786
0.047 0.1801
0.047 0.185
0.047 0.187
0.047 0.1895
0.047 0.1913
0.047 0.1975
0.047 0.1979
0.0475 0.1786
0.0475 0.1801
0.0475 0.185
0.0475 0.1871
0.0475 0.1896
0.0475 0.1914
0.0475 0.1978
0.04800000000000001 0.1786
0.04800000000000001 0.1801
0.04800000000000001 0.1851
0.04800000000000001 0.1868
0.04800000000000001 0.1871
0.04800000000000001 0.1896
0.04800000000000001 0.1912
0.04800000000000001 0.1914
0.04800000000000001 0.1977
0.04800000000000001 0.198
0.04850000000000001 0.1786
0.04850000000000001 0.1801
0.04850000000000001 0.1851
0.04850000000000001 0.1871
0.04850000000000001 0.1897
0.04850000000000001 0.1912
0.04850000000000001 0.1916
0.04850000000000001 0.198
0.049 0.1787
0.049 0.1801
0.049 0.1872
0.049 0.1898
0.049 0.1913
0.049 0.1979
0.049 0.1983
0.0495 0.1787
0.0495 0.1801
0.0495 0.1872
0.0495 0.1898
0.0495 0.1914
0.0495 0.1982
0.05 0.1787
0.05 0.1801
0.05 0.1899
0.05 0.1915
0.05 0.1981
0.05 0.1985
0.05050000000000001 0.1787
0.05050000000000001 0.1801
0.05050000000000001 0.1853
0.05050000000000001 0.1873
0.05050000000000001 0.1899
0.05050000000000001 0.1912
0.05050000000000001 0.1915
0.05050000000000001 0.198
0.05050000000000001 0.1984
0.051000000000000004 0.1788
0.051000000000000004 0.1801
0.051000000000000004 0.1853
0.051000000000000004 0.1873
0.051000000000000004 0.1901
0.051000000000000004 0.1913
0.051000000000000004 0.1916
0.051000000000000004 0.1983
0.051500000000000004 0.1788
0.051500000000000004 0.1801
0.051500000000000004 0.1854
0.051500000000000004 0.1869
0.051500000000000004 0.1873
0.051500000000000004 0.1901
0.051500000000000004 0.1914
0.051500000000000004 0.1982
0.051500000000000004 0.1985
0.052000000000000005 0.1788
0.052000000000000005 0.1801
0.052000000000000005 0.1873
0.052000000000000005 0.1902
0.052000000000000005 0.1915
0.052000000000000005 0.1985
0.0525 0.1788
0.0525 0.1801
0.0525 0.187
0.0525 0.1874
0.0525 0.1903
0.0525 0.1916
0.0525 0.1984
0.0525 0.1988
0.053000000000000005 0.1788
0.053000000000000005 0.1801
0.053000000000000005 0.1855
0.053000000000000005 0.1874
0.053000000000000005 0.1903
0.053000000000000005 0.1916
0.053000000000000005 0.1987
0.053500000000000006 0.1789
0.053500000000000006 0.1801
0.053500000000000006 0.1874
0.053500000000000006 0.1904
0.053500000000000006 0.1914
0.053500000000000006 0.1917
0.053500000000000006 0.1986
0.053500000000000006 0.199
0.054000000000000006 0.1789
0.054000000000000006 0.1801
0.054000000000000006 0.1874
0.054000000000000006 0.1904
0.054000000000000006 0.1915
0.054000000000000006 0.1918
0.054000000000000006 0.1985
0.054000000000000006 0.1989
0.0545 0.1789
0.0545 0.1801
0.0545 0.1856
0.0545 0.187
0.0545 0.1875
0.0545 0.1906
0.0545 0.1916
0.0545 0.1988
0.055 0.1789
0.055 0.1801
0.055 0.1857
0.055 0.1875
0.055 0.1906
0.055 0.1917
0.055 0.1988
0.055 0.1991
0.05550000000000001 0.1789
0.05550000000000001 0.1802
0.05550000000000001 0.1857
0.05550000000000001 0.1875
0.05550000000000001 0.1907
0.05550000000000001 0.1917
0.05550000000000001 0.199
0.05600000000000001 0.179
0.05600000000000001 0.1802
0.05600000000000001 0.187
0.05600000000000001 0.1875
0.05600000000000001 0.1908
0.05600000000000001 0.1918
0.05600000000000001 0.1989
0.05600000000000001 0.1993
0.0565 0.179
0.0565 0.1793
0.0565 0.1802
0.0565 0.1871
0.0565 0.1876
0.0565 0.1908
0.0565 0.1916
0.0565 0.1919
0.0565 0.1988
0.0565 0.1992
0.057 0.179
0.057 0.1793
0.057 0.1802
0.057 0.1876
0.057 0.1909
0.057 0.1917
0.057 0.192
0.057 0.1992
0.0575 0.179
0.0575 0.1793
0.0575 0.1802
0.0575 0.1859
0.0575 0.1876
0.0575 0.1909
0.0575 0.1917
0.0575 0.1991
0.0575 0.1994
0.05800000000000001 0.179
0.05800000000000001 0.1793
0.05800000000000001 0.1802
0.05800000000000001 0.1859
0.05800000000000001 0.1876
0.05800000000000001 0.1911
0.05800000000000001 0.1918
0.05800000000000001 0.1993
0.0585 0.1791
0.0585 0.1802
0.0585 0.1877
0.0585 0.1911
0.0585 0.1919
0.0585 0.1993
0.0585 0.1996
0.059000000000000004 0.1791
0.059000000000000004 0.1802
0.059000000000000004 0.1877
0.059000000000000004 0.1911
0.059000000000000004 0.192
0.059000000000000004 0.1995
0.059500000000000004 0.1791
0.059500000000000004 0.1802
0.059500000000000004 0.1877
0.059500000000000004 0.1913
0.059500000000000004 0.1918
0.059500000000000004 0.1921
0.059500000000000004 0.1995
0.059500000000000004 0.1999
0.06 0.1751
0.06 0.1791
0.06 0.1802
0.06 0.1861
0.06 0.1877
0.06 0.1913
0.06 0.1918
0.06 0.1922
0.06 0.1994
0.06 0.1997
0.060500000000000005 0.1751
0.060500000000000005 0.1791
0.060500000000000005 0.1802
0.060500000000000005 0.1878
0.060500000000000005 0.1915
0.060500000000000005 0.1919
0.060500000000000005 0.1997
0.061000000000000006 0.1751
0.061000000000000006 0.1802
0.061000000000000006 0.1862
0.061000000000000006 0.1878
0.061000000000000006 0.1915
0.061000000000000006 0.192
0.061000000000000006 0.1996
0.061000000000000006 0.1999
0.061500000000000006 0.1751
0.061500000000000006 0.1802
0.061500000000000006 0.1878
0.061500000000000006 0.192
0.061500000000000006 0.1999
0.062 0.1752
0.062 0.1802
0.062 0.1878
0.062 0.1916
0.062 0.1921
0.062 0.1998
0.0625 0.1752
0.0625 0.1792
0.0625 0.1802
0.0625 0.1863
0.0625 0.1879
0.0625 0.1917
0.0625 0.1919
0.0625 0.1922
0.0625 0.1998
0.063 0.1752
0.063 0.1802
0.063 0.1879
0.063 0.1918
0.063 0.1924
0.0635 0.1752
0.0635 0.1802
0.0635 0.1864
0.0635 0.1879
0.0635 0.1918
0.0635 0.1921
0.064 0.1753
0.064 0.1802
0.064 0.1879
0.064 0.1919
0.064 0.1921
0.0645 0.1753
0.0645 0.1802
0.0645 0.188
0.0645 0.192
0.065 0.1753
0.065 0.1802
0.065 0.188
0.065 0.192
0.065 0.1923
0.0655 0.1753
0.0655 0.1802
0.0655 0.188
0.0655 0.1921
0.066 0.1754
0.066 0.1802
0.066 0.1866
0.066 0.188
0.066 0.1921
0.066 0.1926
0.0665 0.1754
0.0665 0.1803
0.0665 0.1881
0.0665 0.1921
0.0665 0.1923
0.067 0.1754
0.067 0.1794
0.067 0.1803
0.067 0.1867
0.067 0.1881
0.067 0.1923
0.0675 0.1754
0.0675 0.1794
0.0675 0.1803
0.0675 0.1881
0.0675 0.192
0.0675 0.1923
0.068 0.1755
0.068 0.1794
0.068 0.1803
0.068 0.1881
0.068 0.1921
0.068 0.1923
0.068 0.1925
0.0685 0.1755
0.0685 0.1794
0.0685 0.1803
0.0685 0.1868
0.0685 0.1882
0.0685 0.1922
0.0685 0.1925
0.069 0.1755
0.069 0.1803
0.069 0.1868
0.069 0.1882
0.069 0.1923
0.069 0.1925
0.069 0.1927
0.0695 0.1755
0.0695 0.1803
0.0695 0.1882
0.0695 0.1923
0.0695 0.1927
0.07 0.1756
0.07 0.1795
0.07 0.1803
0.07 0.1883
0.07 0.1924
0.07 0.1927
0.07050000000000001 0.1756
0.07050000000000001 0.1795
0.07050000000000001 0.1798
0.07050000000000001 0.1803
0.07050000000000001 0.1883
0.07050000000000001 0.1925
0.07050000000000001 0.1929
0.07100000000000001 0.1756
0.07100000000000001 0.1795
0.07100000000000001 0.1803
0.07100000000000001 0.187
0.07100000000000001 0.1883
0.07100000000000001 0.1923
0.07100000000000001 0.1925
0.07100000000000001 0.1929
0.07100000000000001 0.1932
0.07150000000000001 0.1756
0.07150000000000001 0.1795
0.07150000000000001 0.1803
0.07150000000000001 0.187
0.07150000000000001 0.1883
0.07150000000000001 0.1923
0.07150000000000001 0.1931
0.07200000000000001 0.1756
0.07200000000000001 0.1803
0.07200000000000001 0.1884
0.07200000000000001 0.1924
0.07200000000000001 0.1927
0.07200000000000001 0.1931
0.0725 0.1757
0.0725 0.1804
0.0725 0.1884
0.0725 0.1925
0.0725 0.1931
0.0725 0.1933
0.07300000000000001 0.1757
0.07300000000000001 0.1804
0.07300000000000001 0.1884
0.07300000000000001 0.1925
0.07300000000000001 0.1933
0.07350000000000001 0.1757
0.07350000000000001 0.1804
0.07350000000000001 0.1884
0.07350000000000001 0.1926
0.07350000000000001 0.1933
0.07350000000000001 0.1936
0.07400000000000001 0.1757
0.07400000000000001 0.1796
0.07400000000000001 0.1804
0.07400000000000001 0.1872
0.07400000000000001 0.1885
0.07400000000000001 0.1924
0.07400000000000001 0.1927
0.07400000000000001 0.1932
0.07400000000000001 0.1935
0.0745 0.1758
0.0745 0.1796
0.0745 0.1804
0.0745 0.1885
0.0745 0.1925
0.0745 0.1935
0.075 0.1758
0.075 0.1796
0.075 0.1885
0.075 0.1925
0.075 0.1929
0.075 0.1935
0.075 0.1937
0.07550000000000001 0.1758
0.07550000000000001 0.1796
0.07550000000000001 0.1885
0.07550000000000001 0.1926
0.07550000000000001 0.1937
0.07600000000000001 0.1758
0.07600000000000001 0.1796
0.07600000000000001 0.1886
0.07600000000000001 0.1927
0.07600000000000001 0.1937
0.0765 0.1759
0.0765 0.1886
0.0765 0.1927
0.0765 0.1939
0.077 0.1759
0.077 0.1805
0.077 0.1886
0.077 0.1928
0.077 0.1938
0.0775 0.1759
0.0775 0.1805
0.0775 0.1886
0.0775 0.1926
0.0775 0.1929
0.0775 0.1938
0.0775 0.1941
0.07800000000000001 0.1759
0.07800000000000001 0.1797
0.07800000000000001 0.1805
0.07800000000000001 0.1875
0.07800000000000001 0.1887
0.07800000000000001 0.1927
0.07800000000000001 0.194
0.0785 0.1759
0.0785 0.1797
0.0785 0.1805
0.0785 0.1876
0.0785 0.1887
0.0785 0.1927
0.0785 0.194
0.079 0.176
0.079 0.1797
0.079 0.1887
0.079 0.1928
0.079 0.194
0.079 0.1943
0.0795 0.176
0.0795 0.1797
0.0795 0.1887
0.0795 0.1928
0.0795 0.1942
0.08 0.176
0.08 0.1797
0.08 0.1888
0.08 0.1929
0.08 0.1942
0.08 0.1946
0.0805 0.176
0.0805 0.1797
0.0805 0.1888
0.0805 0.1927
0.0805 0.193
0.0805 0.1942
0.0805 0.1944
0.081 0.1761
0.081 0.1797
0.081 0.1806
0.081 0.1888
0.081 0.1928
0.081 0.193
0.081 0.1944
0.0815 0.1761
0.0815 0.1797
0.0815 0.1878
0.0815 0.1889
0.0815 0.1928
0.0815 0.1944
0.08200000000000002 0.1761
0.08200000000000002 0.1797
0.08200000000000002 0.1878
0.08200000000000002 0.1889
0.08200000000000002 0.1929
0.08200000000000002 0.1946
0.0825 0.1761
0.0825 0.1798
0.0825 0.1879
0.0825 0.1889
0.0825 0.193
0.0825 0.1946
0.0825 0.195
0.083 0.1762
0.083 0.1798
0.083 0.193
0.083 0.1946
0.083 0.1948
0.08349999999999999 0.1762
0.08349999999999999 0.1798
0.08349999999999999 0.189
0.08349999999999999 0.1928
0.08349999999999999 0.1931
0.08349999999999999 0.1948
0.084 0.1762
0.084 0.1798
0.084 0.189
0.084 0.1929
0.084 0.1931
0.084 0.1948
0.084 0.1952
0.0845 0.1762
0.0845 0.1798
0.0845 0.189
0.0845 0.1929
0.0845 0.1932
0.0845 0.1948
0.0845 0.195
0.085 0.1762
0.085 0.1798
0.085 0.193
0.085 0.1933
0.085 0.195
0.0855 0.1763
0.0855 0.1798
0.0855 0.193
0.0855 0.195
0.0855 0.1953
0.086 0.1763
0.086 0.1798
0.086 0.1891
0.086 0.1931
0.086 0.1952
0.08650000000000001 0.1763
0.08650000000000001 0.1798
0.08650000000000001 0.1882
0.08650000000000001 0.1932
0.08650000000000001 0.1952
0.08700000000000001 0.1763
0.08700000000000001 0.1798
0.08700000000000001 0.1808
0.08700000000000001 0.193
0.08700000000000001 0.1932
0.08700000000000001 0.1952
0.0875 0.1764
0.0875 0.1798
0.0875 0.1808
0.0875 0.1892
0.0875 0.1931
0.0875 0.1933
0.0875 0.1954
0.08800000000000001 0.1764
0.08800000000000001 0.1798
0.08800000000000001 0.1808
0.08800000000000001 0.1883
0.08800000000000001 0.1892
0.08800000000000001 0.1931
0.08800000000000001 0.1934
0.08800000000000001 0.1954
0.08800000000000001 0.1958
0.0885 0.1764
0.0885 0.1798
0.0885 0.1806
0.0885 0.1808
0.0885 0.187
0.0885 0.1892
0.0885 0.1932
0.0885 0.1935
0.0885 0.1954
0.0885 0.1956
0.08900000000000001 0.1764
0.08900000000000001 0.1798
0.08900000000000001 0.1806
0.08900000000000001 0.1809
0.08900000000000001 0.1893
0.08900000000000001 0.1932
0.08900000000000001 0.1936
0.08900000000000001 0.1956
0.08950000000000001 0.1764
0.08950000000000001 0.1798
0.08950000000000001 0.1809
0.08950000000000001 0.1893
0.08950000000000001 0.1933
0.08950000000000001 0.1956
0.08950000000000001 0.196
0.09 0.1765
0.09 0.1798
0.09 0.1809
0.09 0.187
0.09 0.1893
0.09 0.1933
0.09 0.1956
0.09 0.1959
0.09050000000000001 0.1765
0.09050000000000001 0.1798
0.09050000000000001 0.1809
0.09050000000000001 0.1869
0.09050000000000001 0.1893
0.09050000000000001 0.1933
0.09050000000000001 0.1959
0.091 0.1765
0.091 0.1798
0.091 0.1894
0.091 0.1934
0.091 0.1959
0.0915 0.1765
0.0915 0.1798
0.0915 0.187
0.0915 0.1932
0.0915 0.1934
0.0915 0.1959
0.0915 0.1961
0.09200000000000001 0.1766
0.09200000000000001 0.1798
0.09200000000000001 0.1869
0.09200000000000001 0.1871
0.09200000000000001 0.1932
0.09200000000000001 0.1935
0.09200000000000001 0.1961
0.0925 0.1766
0.0925 0.1799
0.0925 0.1871
0.0925 0.1933
0.0925 0.1961
0.09300000000000001 0.1766
0.09300000000000001 0.1799
0.09300000000000001 0.187
0.09300000000000001 0.1934
0.09300000000000001 0.1962
0.0935 0.1766
0.0935 0.1799
0.0935 0.1869
0.0935 0.1871
0.0935 0.1934
0.0935 0.1963
0.094 0.1766
0.094 0.1799
0.094 0.1871
0.094 0.1934
0.094 0.1963
0.09450000000000001 0.1767
0.09450000000000001 0.1799
0.09450000000000001 0.187
0.09450000000000001 0.1896
0.09450000000000001 0.1935
0.09450000000000001 0.1964
0.095 0.1767
0.095 0.1799
0.095 0.1869
0.095 0.1871
0.095 0.1896
0.095 0.1935
0.095 0.1965
0.0955 0.1767
0.0955 0.1799
0.0955 0.1871
0.0955 0.1888
0.0955 0.1935
0.0955 0.1966
0.09600000000000002 0.1767
0.09600000000000002 0.1799
0.09600000000000002 0.187
0.09600000000000002 0.1872
0.09600000000000002 0.1888
0.09600000000000002 0.1897
0.09600000000000002 0.1935
0.09600000000000002 0.1967
0.0965 0.1768
0.0965 0.1799
0.0965 0.1869
0.0965 0.1871
0.0965 0.1897
0.0965 0.1935
0.0965 0.1967
0.09700000000000002 0.1768
0.09700000000000002 0.1799
0.09700000000000002 0.1871
0.09700000000000002 0.1936
0.09700000000000002 0.1967
0.0975 0.1768
0.0975 0.1799
0.0975 0.187
0.0975 0.1872
0.0975 0.1889
0.0975 0.1936
0.0975 0.1969
0.098 0.1768
0.098 0.1799
0.098 0.1871
0.098 0.1898
0.098 0.1937
0.098 0.1969
0.09850000000000002 0.1768
0.09850000000000002 0.1799
0.09850000000000002 0.1871
0.09850000000000002 0.189
0.09850000000000002 0.1898
0.09850000000000002 0.1937
0.09850000000000002 0.197
0.099 0.1769
0.099 0.1799
0.099 0.187
0.099 0.1872
0.099 0.189
0.099 0.1899
0.099 0.1937
0.099 0.1971
0.0995 0.1769
0.0995 0.1799
0.0995 0.1871
0.0995 0.189
0.0995 0.1899
0.0995 0.1936
0.0995 0.1938
0.0995 0.1971
