5.0E-4 0.1768
5.0E-4 0.1809
5.0E-4 0.1851
5.0E-4 0.1893
5.0E-4 0.1935
5.0E-4 0.1937
0.001 0.1768
0.001 0.1809
0.001 0.1851
0.001 0.1853
0.001 0.1893
0.001 0.1895
0.0015000000000000002 0.1768
0.0015000000000000002 0.181
0.0015000000000000002 0.1851
0.0015000000000000002 0.1854
0.0015000000000000002 0.1894
0.0015000000000000002 0.1936
0.002 0.1768
0.002 0.181
0.002 0.1851
0.002 0.1855
0.002 0.1894
0.002 0.1896
0.002 0.1936
0.0025 0.1768
0.0025 0.181
0.0025 0.1813
0.0025 0.1851
0.0025 0.1856
0.0025 0.1894
0.0025 0.1897
0.0025 0.1936
0.0030000000000000005 0.1769
0.0030000000000000005 0.181
0.0030000000000000005 0.1851
0.0030000000000000005 0.1857
0.0030000000000000005 0.1894
0.0030000000000000005 0.1898
0.0030000000000000005 0.1936
0.0035000000000000005 0.1769
0.0035000000000000005 0.181
0.0035000000000000005 0.1851
0.0035000000000000005 0.1858
0.0035000000000000005 0.1894
0.0035000000000000005 0.1899
0.004 0.1769
0.004 0.1811
0.004 0.1851
0.004 0.1859
0.004 0.1895
0.004 0.1899
0.004 0.1937
0.0045000000000000005 0.1769
0.0045000000000000005 0.1811
0.0045000000000000005 0.1816
0.0045000000000000005 0.1818
0.0045000000000000005 0.1851
0.0045000000000000005 0.186
0.0045000000000000005 0.1895
0.0045000000000000005 0.19
0.0045000000000000005 0.1937
0.005 0.1769
0.005 0.1811
0.005 0.1817
0.005 0.1851
0.005 0.1861
0.005 0.1895
0.005 0.1901
0.005 0.1937
0.0055000000000000005 0.177
0.0055000000000000005 0.1811
0.0055000000000000005 0.1818
0.0055000000000000005 0.1851
0.0055000000000000005 0.1862
0.0055000000000000005 0.1895
0.0055000000000000005 0.1902
0.006000000000000001 0.177
0.006000000000000001 0.1811
0.006000000000000001 0.1819
0.006000000000000001 0.1821
0.006000000000000001 0.1851
0.006000000000000001 0.1863
0.006000000000000001 0.1895
0.006000000000000001 0.1903
0.006500000000000001 0.177
0.006500000000000001 0.1812
0.006500000000000001 0.1819
0.006500000000000001 0.1851
0.006500000000000001 0.1864
0.006500000000000001 0.1896
0.006500000000000001 0.1903
0.006500000000000001 0.1938
0.007000000000000001 0.177
0.007000000000000001 0.1812
0.007000000000000001 0.182
0.007000000000000001 0.1851
0.007000000000000001 0.1865
0.007000000000000001 0.1896
0.007000000000000001 0.1904
0.007000000000000001 0.1907
0.007000000000000001 0.1938
0.0075 0.177
0.0075 0.1812
0.0075 0.1821
0.0075 0.1851
0.0075 0.1866
0.0075 0.1896
0.0075 0.1905
0.0075 0.1938
0.008 0.1771
0.008 0.1812
0.008 0.1822
0.008 0.1851
0.008 0.1867
0.008 0.1896
0.008 0.1906
0.0085 0.1771
0.0085 0.1812
0.0085 0.1823
0.0085 0.1851
0.0085 0.1868
0.0085 0.1896
0.0085 0.1906
0.009000000000000001 0.1771
0.009000000000000001 0.1813
0.009000000000000001 0.1823
0.009000000000000001 0.1851
0.009000000000000001 0.1869
0.009000000000000001 0.1897
0.009000000000000001 0.1907
0.009000000000000001 0.1939
0.009500000000000001 0.1771
0.009500000000000001 0.1813
0.009500000000000001 0.1824
0.009500000000000001 0.1851
0.009500000000000001 0.187
0.009500000000000001 0.1897
0.009500000000000001 0.1908
0.009500000000000001 0.1911
0.009500000000000001 0.1939
0.01 0.1771
0.01 0.1813
0.01 0.1825
0.01 0.1851
0.01 0.1871
0.01 0.1897
0.01 0.1909
0.0105 0.1772
0.0105 0.1813
0.0105 0.1826
0.0105 0.1851
0.0105 0.1872
0.0105 0.1897
0.0105 0.191
0.011000000000000001 0.1772
0.011000000000000001 0.1813
0.011000000000000001 0.1827
0.011000000000000001 0.1851
0.011000000000000001 0.1873
0.011000000000000001 0.1897
0.011000000000000001 0.191
0.011500000000000002 0.1772
0.011500000000000002 0.1814
0.011500000000000002 0.1827
0.011500000000000002 0.1851
0.011500000000000002 0.1874
0.011500000000000002 0.1897
0.011500000000000002 0.1911
0.012000000000000002 0.1772
0.012000000000000002 0.1814
0.012000000000000002 0.1828
0.012000000000000002 0.1851
0.012000000000000002 0.1875
0.012000000000000002 0.1898
0.012000000000000002 0.1912
0.0125 0.1772
0.0125 0.1814
0.0125 0.1829
0.0125 0.1851
0.0125 0.1876
0.0125 0.1898
0.0125 0.1913
0.013000000000000001 0.1773
0.013000000000000001 0.1814
0.013000000000000001 0.183
0.013000000000000001 0.1851
0.013000000000000001 0.1877
0.013000000000000001 0.1898
0.013000000000000001 0.1913
0.013500000000000002 0.1773
0.013500000000000002 0.1814
0.013500000000000002 0.183
0.013500000000000002 0.1851
0.013500000000000002 0.1878
0.013500000000000002 0.1898
0.013500000000000002 0.1914
0.014000000000000002 0.1773
0.014000000000000002 0.1815
0.014000000000000002 0.1831
0.014000000000000002 0.1851
0.014000000000000002 0.1879
0.014000000000000002 0.1898
0.014000000000000002 0.1915
0.014500000000000002 0.1773
0.014500000000000002 0.1815
0.014500000000000002 0.1832
0.014500000000000002 0.1851
0.014500000000000002 0.188
0.014500000000000002 0.1899
0.014500000000000002 0.1916
0.015 0.177
0.015 0.1773
0.015 0.1815
0.015 0.1833
0.015 0.1851
0.015 0.1881
0.015 0.1899
0.015 0.1917
0.0155 0.1774
0.0155 0.1815
0.0155 0.1834
0.0155 0.1851
0.0155 0.1882
0.0155 0.1899
0.0155 0.1917
0.016 0.1774
0.016 0.1815
0.016 0.1834
0.016 0.1851
0.016 0.1883
0.016 0.1899
0.016 0.1918
0.0165 0.1774
0.0165 0.1816
0.0165 0.1835
0.0165 0.1851
0.0165 0.1884
0.0165 0.1899
0.0165 0.1919
0.017 0.1774
0.017 0.1816
0.017 0.1836
0.017 0.1851
0.017 0.1885
0.017 0.19
0.017 0.192
0.0175 0.1771
0.0175 0.1774
0.0175 0.1816
0.0175 0.1837
0.0175 0.1851
0.0175 0.1886
0.0175 0.19
0.0175 0.1921
0.018000000000000002 0.1775
0.018000000000000002 0.1816
0.018000000000000002 0.1838
0.018000000000000002 0.1851
0.018000000000000002 0.1887
0.018000000000000002 0.19
0.018000000000000002 0.1921
0.018500000000000003 0.1775
0.018500000000000003 0.1816
0.018500000000000003 0.1838
0.018500000000000003 0.1851
0.018500000000000003 0.1888
0.018500000000000003 0.19
0.018500000000000003 0.1922
0.019000000000000003 0.1775
0.019000000000000003 0.1817
0.019000000000000003 0.1839
0.019000000000000003 0.1851
0.019000000000000003 0.1889
0.019000000000000003 0.19
0.019000000000000003 0.1923
0.019500000000000003 0.1775
0.019500000000000003 0.1817
0.019500000000000003 0.184
0.019500000000000003 0.1851
0.019500000000000003 0.189
0.019500000000000003 0.1924
0.02 0.1772
0.02 0.1775
0.02 0.1817
0.02 0.1841
0.02 0.1851
0.02 0.1891
0.02 0.1901
0.02 0.1925
0.020500000000000004 0.1775
0.020500000000000004 0.1817
0.020500000000000004 0.1841
0.020500000000000004 0.1851
0.020500000000000004 0.1892
0.020500000000000004 0.1901
0.020500000000000004 0.1925
0.021 0.1776
0.021 0.1817
0.021 0.1842
0.021 0.1851
0.021 0.1893
0.021 0.1901
0.021 0.1926
0.0215 0.1776
0.0215 0.1818
0.0215 0.1843
0.0215 0.1851
0.0215 0.1894
0.0215 0.1901
0.0215 0.1927
0.022000000000000002 0.1776
0.022000000000000002 0.1818
0.022000000000000002 0.1844
0.022000000000000002 0.1851
0.022000000000000002 0.1895
0.022000000000000002 0.1928
0.0225 0.1776
0.0225 0.1818
0.0225 0.1845
0.0225 0.1851
0.0225 0.1895
0.0225 0.1902
0.0225 0.1928
0.023000000000000003 0.1776
0.023000000000000003 0.1818
0.023000000000000003 0.1845
0.023000000000000003 0.1851
0.023000000000000003 0.1896
0.023000000000000003 0.1902
0.023000000000000003 0.1929
0.0235 0.1777
0.0235 0.1818
0.0235 0.1846
0.0235 0.1851
0.0235 0.1897
0.0235 0.1902
0.0235 0.1904
0.0235 0.193
0.024000000000000004 0.1777
0.024000000000000004 0.1819
0.024000000000000004 0.1847
0.024000000000000004 0.1851
0.024000000000000004 0.1898
0.024000000000000004 0.1904
0.024000000000000004 0.1931
0.0245 0.1777
0.0245 0.1819
0.0245 0.1848
0.0245 0.1851
0.0245 0.1899
0.0245 0.1932
0.025 0.1777
0.025 0.1819
0.025 0.1851
0.025 0.19
0.025 0.1932
0.025500000000000002 0.1777
0.025500000000000002 0.1819
0.025500000000000002 0.1851
0.025500000000000002 0.1901
0.025500000000000002 0.1933
0.026000000000000002 0.1778
0.026000000000000002 0.1819
0.026000000000000002 0.1851
0.026000000000000002 0.1902
0.026000000000000002 0.1934
0.026500000000000003 0.1778
0.026500000000000003 0.182
0.026500000000000003 0.1851
0.026500000000000003 0.1903
0.026500000000000003 0.1935
0.027000000000000003 0.1778
0.027000000000000003 0.182
0.027000000000000003 0.1851
0.027000000000000003 0.1904
0.027000000000000003 0.1936
0.0275 0.1778
0.0275 0.182
0.0275 0.1851
0.0275 0.1905
0.0275 0.1936
0.028000000000000004 0.1778
0.028000000000000004 0.182
0.028000000000000004 0.1851
0.028000000000000004 0.1906
0.028000000000000004 0.1937
0.0285 0.1779
0.0285 0.182
0.0285 0.1851
0.0285 0.1857
0.0285 0.1907
0.0285 0.1938
0.029000000000000005 0.1779
0.029000000000000005 0.1821
0.029000000000000005 0.1851
0.029000000000000005 0.1855
0.029000000000000005 0.1908
0.029000000000000005 0.1939
0.029500000000000002 0.1779
0.029500000000000002 0.1821
0.029500000000000002 0.1851
0.029500000000000002 0.1856
0.029500000000000002 0.1909
0.029500000000000002 0.194
0.03 0.1779
0.03 0.1821
0.03 0.1851
0.03 0.1905
0.03 0.191
0.03 0.194
0.030500000000000003 0.1779
0.030500000000000003 0.1821
0.030500000000000003 0.1851
0.030500000000000003 0.1857
0.030500000000000003 0.1905
0.030500000000000003 0.1911
0.030500000000000003 0.1941
0.031 0.178
0.031 0.1821
0.031 0.1851
0.031 0.1858
0.031 0.1861
0.031 0.1905
0.031 0.1912
0.031 0.1942
0.0315 0.178
0.0315 0.1822
0.0315 0.1851
0.0315 0.1859
0.0315 0.1905
0.0315 0.1913
0.0315 0.1943
0.032 0.178
0.032 0.1822
0.032 0.1851
0.032 0.186
0.032 0.1906
0.032 0.1914
0.032 0.1944
0.0325 0.178
0.0325 0.1822
0.0325 0.1851
0.0325 0.186
0.0325 0.1906
0.0325 0.1915
0.0325 0.1944
0.033 0.178
0.033 0.1822
0.033 0.1851
0.033 0.1861
0.033 0.1903
0.033 0.1906
0.033 0.1916
0.033 0.1945
0.0335 0.1781
0.0335 0.1822
0.0335 0.1851
0.0335 0.1862
0.0335 0.1906
0.0335 0.1917
0.0335 0.1946
0.0335 0.1949
0.034 0.1781
0.034 0.1823
0.034 0.1851
0.034 0.1863
0.034 0.1907
0.034 0.1918
0.034 0.1947
0.0345 0.1781
0.0345 0.1823
0.0345 0.1851
0.0345 0.1864
0.0345 0.1907
0.0345 0.1919
0.0345 0.1948
0.035 0.1781
0.035 0.1823
0.035 0.1851
0.035 0.1864
0.035 0.1907
0.035 0.192
0.035 0.1948
0.035500000000000004 0.1781
0.035500000000000004 0.1823
0.035500000000000004 0.1851
0.035500000000000004 0.1865
0.035500000000000004 0.1907
0.035500000000000004 0.1921
0.035500000000000004 0.1949
0.035500000000000004 0.1992
0.036000000000000004 0.1782
0.036000000000000004 0.1823
0.036000000000000004 0.1851
0.036000000000000004 0.1854
0.036000000000000004 0.1866
0.036000000000000004 0.1907
0.036000000000000004 0.1922
0.036000000000000004 0.195
0.036500000000000005 0.1782
0.036500000000000005 0.1823
0.036500000000000005 0.1851
0.036500000000000005 0.1867
0.036500000000000005 0.1907
0.036500000000000005 0.1923
0.036500000000000005 0.1951
0.037000000000000005 0.1782
0.037000000000000005 0.1824
0.037000000000000005 0.1851
0.037000000000000005 0.1867
0.037000000000000005 0.1908
0.037000000000000005 0.1924
0.037000000000000005 0.1951
0.0375 0.1782
0.0375 0.1824
0.0375 0.1851
0.0375 0.1868
0.0375 0.1908
0.0375 0.1925
0.0375 0.1952
0.038000000000000006 0.1782
0.038000000000000006 0.1824
0.038000000000000006 0.1851
0.038000000000000006 0.1869
0.038000000000000006 0.1908
0.038000000000000006 0.1926
0.038000000000000006 0.1953
0.0385 0.1783
0.0385 0.1824
0.0385 0.1851
0.0385 0.187
0.0385 0.1908
0.0385 0.1927
0.0385 0.1954
0.03900000000000001 0.1783
0.03900000000000001 0.1824
0.03900000000000001 0.1851
0.03900000000000001 0.1871
0.03900000000000001 0.1908
0.03900000000000001 0.1928
0.03900000000000001 0.1954
0.0395 0.1783
0.0395 0.1825
0.0395 0.1851
0.0395 0.1871
0.0395 0.1909
0.0395 0.1929
0.0395 0.1955
0.04 0.1783
0.04 0.1825
0.04 0.1851
0.04 0.1872
0.04 0.1909
0.04 0.193
0.04 0.1956
0.0405 0.1783
0.0405 0.1825
0.0405 0.1851
0.0405 0.1873
0.0405 0.1909
0.0405 0.1931
0.0405 0.1957
0.04100000000000001 0.1784
0.04100000000000001 0.1825
0.04100000000000001 0.1851
0.04100000000000001 0.1874
0.04100000000000001 0.1909
0.04100000000000001 0.1932
0.04100000000000001 0.1958
0.0415 0.1784
0.0415 0.1825
0.0415 0.1851
0.0415 0.1875
0.0415 0.1909
0.0415 0.1933
0.0415 0.1958
0.042 0.1784
0.042 0.1826
0.042 0.1851
0.042 0.1875
0.042 0.191
0.042 0.1934
0.042 0.1959
0.0425 0.1784
0.0425 0.1826
0.0425 0.1851
0.0425 0.1876
0.0425 0.191
0.0425 0.1935
0.0425 0.196
0.043 0.1784
0.043 0.1826
0.043 0.1851
0.043 0.1877
0.043 0.191
0.043 0.1936
0.043 0.1961
0.043500000000000004 0.1785
0.043500000000000004 0.1826
0.043500000000000004 0.1851
0.043500000000000004 0.1878
0.043500000000000004 0.191
0.043500000000000004 0.1937
0.043500000000000004 0.1961
0.044000000000000004 0.1785
0.044000000000000004 0.1826
0.044000000000000004 0.1851
0.044000000000000004 0.1878
0.044000000000000004 0.191
0.044000000000000004 0.1938
0.044000000000000004 0.1962
0.044500000000000005 0.1785
0.044500000000000005 0.1827
0.044500000000000005 0.1851
0.044500000000000005 0.1879
0.044500000000000005 0.1911
0.044500000000000005 0.1939
0.044500000000000005 0.1963
0.045 0.1785
0.045 0.1827
0.045 0.1851
0.045 0.188
0.045 0.1911
0.045 0.194
0.045 0.1964
0.0455 0.1785
0.0455 0.1827
0.0455 0.1851
0.0455 0.1881
0.0455 0.1911
0.0455 0.194
0.0455 0.1965
0.046000000000000006 0.1785
0.046000000000000006 0.1827
0.046000000000000006 0.1851
0.046000000000000006 0.1882
0.046000000000000006 0.1911
0.046000000000000006 0.1941
0.046000000000000006 0.1965
0.04650000000000001 0.1786
0.04650000000000001 0.1827
0.04650000000000001 0.1851
0.04650000000000001 0.1882
0.04650000000000001 0.1911
0.04650000000000001 0.1942
0.04650000000000001 0.1966
0.047 0.1786
0.047 0.1828
0.047 0.1851
0.047 0.1883
0.047 0.1912
0.047 0.1943
0.047 0.1967
0.0475 0.1786
0.0475 0.1828
0.0475 0.1851
0.0475 0.1884
0.0475 0.1912
0.0475 0.1944
0.0475 0.1968
0.04800000000000001 0.1786
0.04800000000000001 0.1828
0.04800000000000001 0.1851
0.04800000000000001 0.1885
0.04800000000000001 0.1912
0.04800000000000001 0.1945
0.04800000000000001 0.1969
0.04850000000000001 0.1786
0.04850000000000001 0.1828
0.04850000000000001 0.1851
0.04850000000000001 0.1885
0.04850000000000001 0.1912
0.04850000000000001 0.1946
0.04850000000000001 0.1969
0.049 0.1787
0.049 0.1828
0.049 0.1851
0.049 0.1886
0.049 0.1912
0.049 0.1947
0.049 0.197
0.0495 0.1787
0.0495 0.1829
0.0495 0.1851
0.0495 0.1884
0.0495 0.1887
0.0495 0.1913
0.0495 0.1948
0.0495 0.1971
0.05 0.1787
0.05 0.1829
0.05 0.1851
0.05 0.1888
0.05 0.1913
0.05 0.1949
0.05 0.1972
0.05050000000000001 0.1787
0.05050000000000001 0.1829
0.05050000000000001 0.1851
0.05050000000000001 0.1889
0.05050000000000001 0.1913
0.05050000000000001 0.195
0.05050000000000001 0.1972
0.051000000000000004 0.1787
0.051000000000000004 0.1829
0.051000000000000004 0.1851
0.051000000000000004 0.1889
0.051000000000000004 0.1913
0.051000000000000004 0.1951
0.051000000000000004 0.1973
0.051500000000000004 0.1788
0.051500000000000004 0.1829
0.051500000000000004 0.1851
0.051500000000000004 0.189
0.051500000000000004 0.1913
0.051500000000000004 0.1952
0.051500000000000004 0.1974
0.052000000000000005 0.1788
0.052000000000000005 0.183
0.052000000000000005 0.1851
0.052000000000000005 0.1891
0.052000000000000005 0.1914
0.052000000000000005 0.1953
0.052000000000000005 0.1975
0.052000000000000005 0.1978
0.0525 0.1788
0.0525 0.183
0.0525 0.1851
0.0525 0.1892
0.0525 0.1914
0.0525 0.1954
0.0525 0.1976
0.053000000000000005 0.1788
0.053000000000000005 0.183
0.053000000000000005 0.1851
0.053000000000000005 0.1892
0.053000000000000005 0.1914
0.053000000000000005 0.1955
0.053000000000000005 0.1976
0.053500000000000006 0.1788
0.053500000000000006 0.183
0.053500000000000006 0.1851
0.053500000000000006 0.1893
0.053500000000000006 0.1914
0.053500000000000006 0.1956
0.053500000000000006 0.1977
0.054000000000000006 0.1789
0.054000000000000006 0.183
0.054000000000000006 0.1851
0.054000000000000006 0.1894
0.054000000000000006 0.1914
0.054000000000000006 0.1957
0.054000000000000006 0.1978
0.054000000000000006 0.1981
0.0545 0.1789
0.0545 0.1831
0.0545 0.1851
0.0545 0.1895
0.0545 0.1915
0.0545 0.1958
0.0545 0.1979
0.055 0.1789
0.055 0.1831
0.055 0.1851
0.055 0.1896
0.055 0.1915
0.055 0.1959
0.055 0.198
0.05550000000000001 0.1789
0.05550000000000001 0.1831
0.05550000000000001 0.1851
0.05550000000000001 0.1896
0.05550000000000001 0.1915
0.05550000000000001 0.196
0.05550000000000001 0.198
0.05600000000000001 0.1789
0.05600000000000001 0.1831
0.05600000000000001 0.1851
0.05600000000000001 0.1897
0.05600000000000001 0.1915
0.05600000000000001 0.1961
0.05600000000000001 0.1981
0.05600000000000001 0.1984
0.0565 0.179
0.0565 0.1831
0.0565 0.1851
0.0565 0.1898
0.0565 0.1915
0.0565 0.1962
0.0565 0.1982
0.057 0.179
0.057 0.1832
0.057 0.1851
0.057 0.1899
0.057 0.1916
0.057 0.1963
0.057 0.1983
0.0575 0.179
0.0575 0.1832
0.0575 0.1851
0.0575 0.1899
0.0575 0.1916
0.0575 0.1964
0.0575 0.1983
0.05800000000000001 0.179
0.05800000000000001 0.1832
0.05800000000000001 0.1851
0.05800000000000001 0.19
0.05800000000000001 0.1916
0.05800000000000001 0.1965
0.05800000000000001 0.1984
0.0585 0.179
0.0585 0.1832
0.0585 0.1851
0.0585 0.1901
0.0585 0.1916
0.0585 0.1966
0.0585 0.1985
0.059000000000000004 0.1791
0.059000000000000004 0.1832
0.059000000000000004 0.1851
0.059000000000000004 0.1902
0.059000000000000004 0.1916
0.059000000000000004 0.1967
0.059000000000000004 0.1986
0.059500000000000004 0.1791
0.059500000000000004 0.1833
0.059500000000000004 0.1851
0.059500000000000004 0.1903
0.059500000000000004 0.1917
0.059500000000000004 0.1968
0.059500000000000004 0.1986
0.06 0.1791
0.06 0.1833
0.06 0.1851
0.06 0.1903
0.06 0.1917
0.06 0.1969
0.06 0.1987
0.060500000000000005 0.1791
0.060500000000000005 0.1833
0.060500000000000005 0.1851
0.060500000000000005 0.1904
0.060500000000000005 0.1917
0.060500000000000005 0.197
0.060500000000000005 0.1988
0.061000000000000006 0.1791
0.061000000000000006 0.1833
0.061000000000000006 0.1851
0.061000000000000006 0.1905
0.061000000000000006 0.1917
0.061000000000000006 0.1971
0.061000000000000006 0.1989
0.061500000000000006 0.1792
0.061500000000000006 0.1833
0.061500000000000006 0.1851
0.061500000000000006 0.1906
0.061500000000000006 0.1917
0.061500000000000006 0.1971
0.061500000000000006 0.1989
0.062 0.1792
0.062 0.1834
0.062 0.1851
0.062 0.1906
0.062 0.1918
0.062 0.1972
0.062 0.199
0.0625 0.1792
0.0625 0.1834
0.0625 0.1851
0.0625 0.1907
0.0625 0.1918
0.0625 0.1973
0.0625 0.1991
0.063 0.1792
0.063 0.1834
0.063 0.1851
0.063 0.1908
0.063 0.1918
0.063 0.1974
0.063 0.1992
0.0635 0.1792
0.0635 0.1834
0.0635 0.1851
0.0635 0.1909
0.0635 0.1918
0.0635 0.1975
0.0635 0.1993
0.064 0.1793
0.064 0.1834
0.064 0.1851
0.064 0.191
0.064 0.1918
0.064 0.1976
0.064 0.1993
0.0645 0.1793
0.0645 0.1835
0.0645 0.1851
0.0645 0.191
0.0645 0.1919
0.0645 0.1977
0.0645 0.1994
0.065 0.1793
0.065 0.1835
0.065 0.1851
0.065 0.1911
0.065 0.1919
0.065 0.1978
0.065 0.1995
0.0655 0.1793
0.0655 0.1835
0.0655 0.1851
0.0655 0.1912
0.0655 0.1919
0.0655 0.1979
0.0655 0.1996
0.066 0.1793
0.066 0.1835
0.066 0.1851
0.066 0.1913
0.066 0.1919
0.066 0.198
0.066 0.1997
0.0665 0.1794
0.0665 0.1835
0.0665 0.1851
0.0665 0.1913
0.0665 0.1919
0.0665 0.1981
0.0665 0.1997
0.067 0.1794
0.067 0.1836
0.067 0.1851
0.067 0.1914
0.067 0.192
0.067 0.1982
0.067 0.1998
0.0675 0.1794
0.0675 0.1836
0.0675 0.1851
0.0675 0.1915
0.0675 0.192
0.0675 0.1983
0.0675 0.1999
0.068 0.1794
0.068 0.1836
0.068 0.1851
0.068 0.1916
0.068 0.192
0.068 0.1984
0.0685 0.1794
0.0685 0.1836
0.0685 0.1851
0.0685 0.1916
0.0685 0.192
0.0685 0.1985
0.069 0.1795
0.069 0.1836
0.069 0.1851
0.069 0.1917
0.069 0.192
0.069 0.1986
0.0695 0.1795
0.0695 0.1837
0.0695 0.1851
0.0695 0.1921
0.0695 0.1987
0.07 0.1795
0.07 0.1837
0.07 0.1851
0.07 0.1918
0.07 0.1921
0.07 0.1988
0.07050000000000001 0.1795
0.07050000000000001 0.1837
0.07050000000000001 0.1851
0.07050000000000001 0.1921
0.07050000000000001 0.1989
0.07100000000000001 0.1795
0.07100000000000001 0.1837
0.07100000000000001 0.1851
0.07100000000000001 0.1921
0.07100000000000001 0.199
0.07150000000000001 0.1796
0.07150000000000001 0.1837
0.07150000000000001 0.1851
0.07150000000000001 0.1921
0.07150000000000001 0.1991
0.07200000000000001 0.1796
0.07200000000000001 0.1838
0.07200000000000001 0.1851
0.07200000000000001 0.1922
0.07200000000000001 0.1992
0.0725 0.1796
0.0725 0.1838
0.0725 0.1851
0.0725 0.1922
0.0725 0.1993
0.07300000000000001 0.1796
0.07300000000000001 0.1838
0.07300000000000001 0.1851
0.07300000000000001 0.1922
0.07300000000000001 0.1994
0.07350000000000001 0.1796
0.07350000000000001 0.1838
0.07350000000000001 0.1851
0.07350000000000001 0.1922
0.07350000000000001 0.1925
0.07350000000000001 0.1927
0.07350000000000001 0.1995
0.07400000000000001 0.1797
0.07400000000000001 0.1838
0.07400000000000001 0.1851
0.07400000000000001 0.1922
0.07400000000000001 0.1996
0.0745 0.1797
0.0745 0.1839
0.0745 0.1851
0.0745 0.1923
0.0745 0.1926
0.0745 0.1997
0.075 0.1797
0.075 0.1839
0.075 0.1851
0.075 0.1923
0.075 0.1927
0.075 0.1997
0.07550000000000001 0.1797
0.07550000000000001 0.1839
0.07550000000000001 0.1851
0.07550000000000001 0.1923
0.07550000000000001 0.1927
0.07550000000000001 0.1998
0.07600000000000001 0.1797
0.07600000000000001 0.1839
0.07600000000000001 0.1851
0.07600000000000001 0.1923
0.07600000000000001 0.1928
0.07600000000000001 0.1999
0.0765 0.1798
0.0765 0.1839
0.0765 0.1851
0.0765 0.1923
0.0765 0.1929
0.077 0.1798
0.077 0.184
0.077 0.1851
0.077 0.1924
0.077 0.193
0.0775 0.1798
0.0775 0.184
0.0775 0.1851
0.0775 0.1924
0.0775 0.1931
0.07800000000000001 0.1798
0.07800000000000001 0.184
0.07800000000000001 0.1851
0.07800000000000001 0.1924
0.07800000000000001 0.1931
0.0785 0.1798
0.0785 0.184
0.0785 0.1851
0.0785 0.1924
0.0785 0.1932
0.079 0.1799
0.079 0.184
0.079 0.1851
0.079 0.1924
0.079 0.1933
0.0795 0.1799
0.0795 0.184
0.0795 0.1851
0.0795 0.1924
0.0795 0.1934
0.08 0.1799
0.08 0.1841
0.08 0.1851
0.08 0.1925
0.08 0.1934
0.0805 0.1799
0.0805 0.1841
0.0805 0.1851
0.0805 0.1925
0.0805 0.1935
0.0805 0.1966
0.081 0.1799
0.081 0.1841
0.081 0.1851
0.081 0.1925
0.081 0.1936
0.081 0.1966
0.081 0.1968
0.0815 0.18
0.0815 0.1841
0.0815 0.1851
0.0815 0.1925
0.0815 0.1937
0.08200000000000002 0.18
0.08200000000000002 0.1841
0.08200000000000002 0.1851
0.08200000000000002 0.1925
0.08200000000000002 0.1937
0.0825 0.18
0.0825 0.1842
0.0825 0.1851
0.0825 0.1926
0.0825 0.1938
0.083 0.18
0.083 0.1842
0.083 0.1851
0.083 0.1926
0.083 0.1939
0.08349999999999999 0.18
0.08349999999999999 0.1842
0.08349999999999999 0.1851
0.08349999999999999 0.1926
0.08349999999999999 0.194
0.084 0.1801
0.084 0.1842
0.084 0.1851
0.084 0.1926
0.084 0.1941
0.0845 0.1801
0.0845 0.1842
0.0845 0.1851
0.0845 0.1926
0.0845 0.1941
0.085 0.1801
0.085 0.1843
0.085 0.1851
0.085 0.1927
0.085 0.1942
0.0855 0.1801
0.0855 0.1843
0.0855 0.1851
0.0855 0.1927
0.0855 0.1943
0.086 0.1801
0.086 0.1843
0.086 0.1851
0.086 0.1927
0.086 0.1944
0.08650000000000001 0.1802
0.08650000000000001 0.1843
0.08650000000000001 0.1851
0.08650000000000001 0.1927
0.08650000000000001 0.1944
0.08700000000000001 0.1802
0.08700000000000001 0.1843
0.08700000000000001 0.1851
0.08700000000000001 0.1927
0.08700000000000001 0.1945
0.0875 0.1802
0.0875 0.1844
0.0875 0.1851
0.0875 0.1928
0.0875 0.1946
0.08800000000000001 0.1802
0.08800000000000001 0.1844
0.08800000000000001 0.1851
0.08800000000000001 0.1928
0.08800000000000001 0.1947
0.0885 0.1802
0.0885 0.1844
0.0885 0.1851
0.0885 0.1928
0.0885 0.1947
0.08900000000000001 0.1803
0.08900000000000001 0.1844
0.08900000000000001 0.1851
0.08900000000000001 0.1928
0.08900000000000001 0.1948
0.08950000000000001 0.1801
0.08950000000000001 0.1803
0.08950000000000001 0.1844
0.08950000000000001 0.1851
0.08950000000000001 0.1928
0.08950000000000001 0.1949
0.09 0.1801
0.09 0.1803
0.09 0.1845
0.09 0.1851
0.09 0.1929
0.09 0.195
0.09050000000000001 0.1803
0.09050000000000001 0.1845
0.09050000000000001 0.1851
0.09050000000000001 0.1929
0.09050000000000001 0.1951
0.091 0.1803
0.091 0.1845
0.091 0.1851
0.091 0.1929
0.091 0.1951
0.0915 0.1804
0.0915 0.1845
0.0915 0.1851
0.0915 0.1929
0.0915 0.1952
0.09200000000000001 0.1802
0.09200000000000001 0.1804
0.09200000000000001 0.1845
0.09200000000000001 0.1851
0.09200000000000001 0.1929
0.09200000000000001 0.1953
0.0925 0.1802
0.0925 0.1804
0.0925 0.1846
0.0925 0.1851
0.0925 0.193
0.0925 0.1954
0.09300000000000001 0.1804
0.09300000000000001 0.1846
0.09300000000000001 0.1851
0.09300000000000001 0.193
0.09300000000000001 0.1954
0.0935 0.1804
0.0935 0.1846
0.0935 0.1851
0.0935 0.193
0.0935 0.1955
0.094 0.1805
0.094 0.1846
0.094 0.1851
0.094 0.193
0.094 0.1956
0.09450000000000001 0.1803
0.09450000000000001 0.1805
0.09450000000000001 0.1846
0.09450000000000001 0.1851
0.09450000000000001 0.193
0.09450000000000001 0.1957
0.095 0.1803
0.095 0.1805
0.095 0.1847
0.095 0.1851
0.095 0.1931
0.095 0.1957
0.0955 0.1803
0.0955 0.1805
0.0955 0.1847
0.0955 0.1851
0.0955 0.1931
0.0955 0.1958
0.09600000000000002 0.1805
0.09600000000000002 0.1847
0.09600000000000002 0.1851
0.09600000000000002 0.1931
0.09600000000000002 0.1959
0.0965 0.1806
0.0965 0.1847
0.0965 0.1851
0.0965 0.1931
0.0965 0.196
0.09700000000000002 0.1804
0.09700000000000002 0.1806
0.09700000000000002 0.1847
0.09700000000000002 0.1851
0.09700000000000002 0.1931
0.09700000000000002 0.1961
0.0975 0.1804
0.0975 0.1806
0.0975 0.1848
0.0975 0.1851
0.0975 0.1932
0.0975 0.1961
0.098 0.1804
0.098 0.1806
0.098 0.1848
0.098 0.1851
0.098 0.1932
0.098 0.1962
0.09850000000000002 0.1806
0.09850000000000002 0.1848
0.09850000000000002 0.1851
0.09850000000000002 0.1932
0.09850000000000002 0.1963
0.099 0.1807
0.099 0.1848
0.099 0.1851
0.099 0.1932
0.099 0.1964
0.0995 0.1805
0.0995 0.1807
0.0995 0.1848
0.0995 0.1851
0.0995 0.1932
0.0995 0.1964
